390
740
943
766
141
32
84
301
1026
1171
347
752
86
120
645
652
438
485
114
983
283
554
760
1075
296
529
951
614
678
268
398
268
332
975
477
369
106
57
818
151
426
378
592
1039
1028
614
541
1112
375
672
133
831
832
456
53
609
830
361
772
1201
1070
494
234
776
315
560
355
755
96
498
1045
286
368
325
800
324
707
280
1212
721
609
582
621
836
737
976
564
464
579
475
975
458
72
625
244
509
296
567
428
636
210
436
760
424
612
278
618
1065
543
681
307
368
665
942
841
551
838
815
567
215
603
1015
969
946
958
600
769
181
933
721
841
345
927
285
407
499
542
677
355
428
632
156
669
740
865
424
683
665
1042
438
820
179
518
649
218
381
139
205
734
683
659
551
838
700
738
511
561
840
1003
637
941
1301
752
776
698
575
1041
804
347
874
687
166
526
645
445
262
325
170
374
196
573
368
750
215
952
827
480
818
859
546
229
581
905
183
625
661
569
490
1008
720
631
861
1004
22
861
536
648
255
621
261
430
865
329
956
554
855
507
756
369
458
277
889
175
966
670
700
478
1053
611
536
796
1073
973
655
264
309
855
337
712
265
306
702
175
192
404
475
705
815
283
714
864
1008
430
888
827
238
691
257
651
701
820
306
750
673
777
746
300
368
659
562
160
294
884
110
308
239
395
757
303
466
729
150
822
541
387
1058
302
870
557
501
859
57
897
480
753
898
577
17
307
226
1027
429
424
566
900
339
561
446
959
867
538
387
311
479
536
570
648
580
100
400
849
726
184
872
103
735
415
321
439
1066
246
656
853
281
720
342
821
973
791
902
819
573
801
262
474
870
115
278
673
881
828
440
592
413
243
592
259
564
877
137
341
544
956
347
779
899
930
442
681
532
480
178
552
220
736
897
551
538
450
656
532
442
710
589
122
762
391
919
187
225
627
879
975
854
718
340
785
131
787
549
276
212
509
706
818
324
135
277
854
598
425
573
582
803
643
620
594
624
238
123
82
824
660
166
331
695
490
943
671
429
991
883
461
685
764
388
522
287
348
589
566
701
701
902
583
818
772
533
876
1073
302
270
888
822
895
949
763
465
715
629
453
147
894
394
332
373
833
146
587
1067
614
443
511
648
50
555
828
912
352
288
355
120
895
701
381
747
316
456
507
951
715
788
332
438
438
562
532
783
339
591
572
912
460
874
786
481
466
868
465
822
481
734
830
627
97
669
185
955
495
172
379
978
414
641
902
425
367
811
932
859
975
600
569
633
339
559
543
362
494
718
644
696
261
716
889
326
755
301
694
273
341
49
245
161
768
709
791
189
616
400
653
436
914
277
829
913
895
458
449
671
202
1109
721
665
457
305
830
356
40
693
972
942
140
397
869
443
528
267
253
187
219
834
744
672
490
404
142
869
104
299
842
513
405
301
648
716
894
374
743
732
954
366
280
458
517
253
562
567
434
505
354
487
833
154
805
726
505
949
731
558
632
1043
807
159
579
883
718
1012
1160
409
818
797
891
473
524
367
347
607
967
671
906
355
492
798
544
867
261
846
925
527
127
692
582
214
858
293
646
443
439
824
943
378
809
845
418
619
654
872
461
242
931
321
378
728
425
257
150
583
90
77
430
256
571
522
218
759
618
1024
705
1059
285
899
334
660
239
178
765
727
718
417
979
647
753
656
697
849
629
278
668
539
496
297
452
330
291
874
896
574
340
345
431
427
958
525
585
828
252
365
107
432
526
476
417
348
465
358
917
293
571
505
704
364
461
795
906
113
852
847
181
645
427
882
676
476
485
849
477
284
251
331
779
727
209
653
763
329
464
741
204
667
509
321
595
745
820
189
246
546
72
800
262
771
539
931
837
935
431
599
343
525
436
724
704
337
476
999
556
70
504
585
557
916
892
582
652
119
612
484
744
656
401
164
399
283
577
528
720
854
1130
809
499
349
745
355
830
296
640
387
207
724
596
335
180
320
537
730
564
551
583
636
455
217
610
890
584
269
617
543
886
959
514
451
861
1179
956
230
325
759
946
742
491
1069
497
616
995
430
606
849
852
622
131
1006
279
498
659
278
528
948
996
211
228
122
712
568
453
584
442
213
687
361
624
394
487
577
445
331
590
384
421
299
790
762
592
875
555
193
723
161
455
860
714
474
674
681
282
594
622
584
176
839
49
834
503
819
495
100
454
881
37
595
505
315
897
676
477
1030
622
292
1015
399
257
515
341
1018
585
178
806
276
340
244
266
636
812
746
71
74
541
317
153
252
457
808
682
416
123
580
641
66
664
620
349
728
1035
764
1105
433
394
731
673
448
271
909
798
221
507
570
360
430
919
318
576
452
851
211
912
548
994
803
91
889
444
727
1000
961
139
926
387
346
1060
31
752
637
566
792
547
210
449
721
811
526
236
362
844
373
158
950
722
425
820
699
571
398
165
1051
129
249
255
414
558
465
465
428
705
805
609
385
191
550
424
95
351
410
739
318
710
714
595
626
372
85
316
117
327
858
275
829
490
488
868
950
716
604
620
721
882
239
115
875
415
801
642
979
513
681
723
759
626
827
664
737
200
337
785
448
614
474
499
413
298
888
610
119
784
360
329
363
859
913
192
229
636
550
801
381
522
232
538
232
799
824
781
537
879
799
663
1194
585
274
242
234
380
603
511
873
1003
486
536
579
556
821
662
211
162
844
947
1005
620
923
779
718
689
754
811
720
237
513
415
546
797
621
596
434
637
324
356
204
462
296
788
330
182
220
853
388
233
467
966
935
582
22
871
504
282
1046
346
817
452
234
822
916
353
708
669
349
417
422
538
1032
774
466
143
792
710
664
482
932
758
417
112
468
676
758
299
456
890
493
687
436
300
362
628
324
850
554
977
274
342
848
358
630
694
841
880
165
506
551
669
127
548
847
729
583
768
832
972
463
425
429
519
621
223
529
760
689
540
579
808
808
696
760
824
54
463
619
725
191
714
841
370
649
508
346
54
275
336
606
249
403
727
521
494
543
113
741
223
706
707
365
1212
398
607
1111
813
554
886
411
280
346
774
538
822
788
1219
509
824
739
871
491
628
551
696
882
644
55
687
449
542
927
759
288
321
233
405
372
385
389
478
580
319
871
487
609
299
826
788
793
493
637
759
414
815
385
284
899
615
488
100
287
417
348
637
527
833
81
847
644
324
948
861
369
466
268
354
164
556
256
650
907
625
300
621
373
850
295
520
787
433
591
344
170
1094
507
593
413
536
218
153
163
651
507
325
499
534
143
773
219
540
148
105
256
888
571
223
351
858
442
685
907
917
778
782
331
789
552
504
178
498
231
456
135
956
315
239
750
837
396
995
252
567
972
826
223
853
518
424
248
526
951
534
923
490
516
454
321
388
821
502
674
386
512
531
835
334
722
787
342
703
325
699
336
252
172
1042
690
600
644
489
974
789
645
844
521
661
787
722
817
1183
848
921
457
879
1002
518
476
1000
756
500
527
583
1017
204
173
596
373
253
859
876
286
604
257
223
236
680
331
936
261
258
226
228
473
481
759
618
372
828
517
653
660
883
395
390
153
123
916
953
155
181
337
790
185
764
564
436
113
265
231
646
752
978
622
790
79
518
202
688
727
671
879
782
323
770
791
524
308
731
248
506
240
254
583
803
471
185
503
262
79
875
557
914
595
423
667
444
204
789
774
974
599
429
327
570
348
778
719
962
549
510
592
493
1063
552
921
607
963
426
1129
642
137
174
561
552
488
495
737
733
568
581
313
735
927
503
907
312
330
536
520
86
853
311
500
388
589
59
680
173
691
343
503
441
482
508
154
857
717
647
369
638
42
227
647
728
793
124
811
495
755
316
880
83
677
726
877
1027
331
563
459
674
682
896
854
216
953
549
738
793
832
295
487
897
435
738
146
786
352
751
303
807
735
943
650
696
223
283
918
489
623
606
417
259
341
656
1031
836
563
975
552
572
279
47
778
610
217
118
197
637
667
463
294
995
703
451
809
290
555
267
273
333
877
169
680
738
270
720
481
219
470
721
446
384
870
476
1005
194
698
447
329
620
624
725
686
654
404
109
331
987
693
617
669
682
818
210
698
761
415
237
735
94
435
680
893
761
787
301
773
1068
292
839
910
476
741
87
924
428
732
885
275
559
940
636
1007
52
877
811
712
251
523
1026
754
161
663
529
769
787
370
126
628
423
466
843
478
608
803
1025
373
521
507
245
468
768
282
414
571
783
477
528
645
775
672
473
373
790
93
516
338
335
545
650
337
553
400
766
299
795
640
86
803
600
882
828
170
844
724
444
784
133
431
690
553
227
165
215
328
437
523
336
574
360
880
981
413
735
385
942
187
450
312
1050
359
60
647
705
54
496
814
387
247
192
127
512
592
658
1038
820
754
666
869
447
705
562
85
354
476
375
795
410
339
651
545
755
888
650
523
746
474
660
742
577
341
460
625
493
926
501
972
511
647
339
129
605
644
658
782
490
371
650
104
427
1230
335
1295
791
1115
357
309
440
340
433
181
808
248
377
427
924
933
1067
943
847
480
468
141
745
341
128
537
769
457
661
457
238
749
610
519
611
499
826
603
411
197
666
337
531
179
332
192
365
198
281
756
699
892
884
735
1126
980
1084
386
415
867
492
602
127
556
730
188
1006
836
507
768
440
173
694
622
236
648
1037
448
941
1121
411
793
463
411
896
517
635
392
245
193
116
933
752
340
565
461
775
433
681
1040
902
687
417
621
281
233
324
997
678
286
430
1273
628
365
744
706
519
373
766
611
689
321
725
807
220
883
324
871
223
599
514
242
823
346
590
956
1058
631
446
661
215
1002
487
860
975
207
300
899
587
454
554
784
671
344
519
706
263
507
702
590
157
517
993
362
38
750
322
994
610
141
103
852
1198
1059
398
1040
675
289
231
613
646
244
836
207
365
189
631
544
855
381
344
437
362
830
834
110
807
691
304
607
455
240
561
785
123
601
668
804
336
225
603
674
250
798
788
261
737
806
681
827
743
593
1013
520
801
292
725
967
740
402
200
981
1072
217
183
647
444
1164
580
432
534
479
595
907
862
607
834
461
890
550
1003
556
863
741
343
227
411
594
746
325
693
595
768
846
570
819
513
854
523
149
1023
1079
700
591
218
663
121
655
72
6
921
426
511
860
838
688
720
468
706
890
647
875
101
217
1162
770
660
334
155
169
633
644
298
442
380
183
425
191
859
255
448
610
884
848
450
244
651
141
234
317
421
513
572
693
432
331
340
549
168
340
216
443
123
867
218
547
873
287
88
1234
616
35
703
447
840
969
215
108
754
840
445
88
441
365
88
103
555
741
671
99
493
457
385
84
734
234
168
245
920
595
384
492
548
186
751
472
991
885
796
949
381
266
764
138
785
1008
687
295
386
446
774
908
563
264
377
745
649
356
916
182
792
795
901
1081
430
344
417
685
719
894
10
518
686
203
148
886
721
761
527
483
860
502
875
709
519
588
744
113
427
380
462
461
395
520
525
910
363
266
301
579
575
850
295
312
423
473
335
789
781
604
699
715
488
705
424
247
596
299
499
672
346
976
541
836
397
640
752
598
713
543
195
684
161
246
881
243
102
548
1030
911
778
703
942
579
215
625
455
919
575
647
191
313
890
157
393
794
282
81
234
165
941
404
370
964
583
455
899
487
291
597
941
766
284
837
16
377
1055
936
673
771
75
666
583
852
889
1147
616
661
553
931
767
483
183
955
647
770
420
931
152
606
701
811
620
467
824
1023
516
955
866
727
807
901
615
696
246
974
674
882
571
657
312
375
83
978
485
788
651
403
182
375
864
497
866
782
619
574
547
364
51
89
601
476
173
519
338
83
404
877
551
79
681
487
828
689
389
983
928
411
1095
298
303
882
201
575
329
668
260
345
587
579
808
863
302
265
565
379
968
345
952
137
798
268
111
830
503
859
771
554
181
347
610
445
497
981
437
562
950
280
955
1020
443
336
584
940
591
650
403
315
224
662
577
552
148
422
615
725
899
951
790
809
800
550
760
987
348
539
344
522
270
744
647
547
899
906
745
245
503
632
104
877
855
528
238
854
362
456
556
313
555
996
803
991
251
537
134
899
800
388
330
536
389
426
930
605
658
470
638
747
1004
641
814
879
668
477
333
608
499
990
782
751
262
629
280
631
324
750
738
394
263
698
374
486
822
637
384
719
783
641
300
808
263
569
738
1002
174
412
190
175
524
331
539
559
662
267
342
895
782
161
377
1037
499
122
370
290
802
722
240
526
619
586
378
881
403
599
543
755
249
743
818
645
235
660
346
753
542
1027
967
621
191
496
74
997
437
297
419
450
461
66
479
525
809
568
869
662
646
467
909
175
440
591
691
358
949
666
474
722
368
718
984
923
696
1223
313
744
812
731
594
594
680
899
800
342
673
197
492
543
596
522
711
258
658
802
884
840
495
405
367
735
92
697
509
816
376
453
391
779
455
589
383
543
279
572
427
822
492
281
440
1006
226
133
600
652
507
363
426
783
640
272
752
1050
429
480
692
534
271
930
962
894
125
314
755
522
706
615
810
630
511
513
559
986
326
433
292
422
708
577
721
492
601
927
236
793
902
816
887
848
721
468
935
891
565
222
309
700
209
313
423
95
669
1008
546
132
248
145
875
698
757
758
1025
719
611
856
781
740
307
658
758
977
602
807
532
524
94
807
196
402
556
493
838
408
525
528
944
445
364
851
601
646
800
604
236
62
663
788
416
344
612
275
425
1057
1160
767
195
1004
710
325
389
656
724
753
413
397
794
847
745
954
703
219
833
556
413
704
153
573
995
725
139
263
710
787
796
620
431
764
1049
505
178
1213
195
999
86
737
39
878
795
894
509
535
601
880
348
638
614
839
319
812
54
380
724
576
218
627
350
931
116
431
583
706
1129
430
419
949
182
840
675
89
584
680
649
330
326
436
148
947
613
470
806
655
668
231
202
707
518
207
323
195
327
642
865
856
621
656
795
775
851
511
806
345
876
691
303
655
749
348
383
591
153
418
674
668
294
176
39
517
743
682
432
221
741
800
528
429
522
1071
546
711
261
483
9
555
403
985
842
696
873
797
623
644
834
419
365
152
693
873
176
794
786
936
648
248
1153
873
695
930
691
1110
584
150
723
760
368
1019
777
357
594
309
675
198
215
784
501
745
1007
517
351
611
748
339
887
402
600
846
218
412
820
340
632
779
665
350
469
961
411
545
536
544
621
541
590
973
864
849
672
205
922
873
568
1305
768
111
967
581
548
398
70
145
401
864
878
393
243
656
570
213
574
603
690
253
156
477
596
530
424
300
486
717
504
124
449
327
836
455
854
471
770
405
268
400
350
361
641
274
641
704
273
912
351
762
223
235
83
223
804
545
544
535
906
1055
357
607
82
710
716
992
1045
495
714
849
787
796
706
603
447
424
946
340
661
1043
499
601
345
863
176
931
840
942
572
949
538
231
60
549
832
526
569
446
357
743
801
618
835
546
622
624
331
285
622
400
442
499
986
465
971
835
624
615
339
177
281
319
463
772
658
137
385
714
746
307
961
1056
893
176
754
907
668
149
621
311
747
258
714
367
657
147
341
781
920
735
352
354
481
653
754
553
811
412
687
57
721
167
675
446
654
667
527
723
393
855
419
517
704
223
101
127
462
990
971
840
261
474
613
163
669
881
809
469
526
426
918
492
192
957
514
417
476
818
827
792
261
606
569
527
405
612
646
731
289
473
354
770
676
876
765
491
706
419
615
761
601
242
144
753
224
683
691
699
801
313
799
388
184
491
787
533
292
1084
216
134
861
730
1033
310
607
546
503
116
386
269
976
197
379
910
659
469
483
489
414
36
371
582
536
885
701
824
391
712
830
213
781
526
627
224
776
458
280
689
112
467
956
809
876
640
650
556
149
125
676
640
808
704
248
959
452
965
730
740
304
747
142
839
668
506
622
567
533
537
113
147
660
575
655
494
811
905
961
513
641
491
902
188
481
780
447
703
455
429
704
860
375
1053
226
446
205
30
142
738
491
227
222
781
30
130
653
682
564
609
854
517
76
997
1156
643
940
1014
869
850
748
875
490
756
453
135
345
284
748
1037
663
426
886
261
291
287
786
778
659
456
702
682
435
344
291
159
791
602
859
632
487
195
1032
387
732
542
768
664
800
840
178
953
252
487
576
495
891
209
855
850
651
161
306
232
563
1065
459
492
895
361
215
867
840
435
668
406
76
688
544
939
573
618
236
320
257
751
847
432
490
831
771
146
994
683
243
475
804
372
550
322
364
789
573
745
941
281
690
322
185
402
616
367
913
764
547
891
1053
962
921
218
690
291
1182
346
1145
786
617
882
472
482
844
869
453
650
445
291
1009
885
439
733
241
330
418
358
479
466
310
511
681
533
546
672
365
485
351
386
265
376
567
236
375
773
447
357
540
743
62
711
750
158
971
885
214
988
164
617
55
64
72
967
462
631
216
741
680
288
609
730
806
1010
1075
556
930
661
194
1226
614
317
213
159
750
187
356
297
152
1113
606
714
721
166
309
923
599
881
188
242
747
869
680
476
260
865
453
578
755
744
325
391
376
678
556
467
823
616
601
213
1021
139
593
774
1196
323
779
552
826
781
178
67
541
573
121
91
637
756
539
870
1143
607
795
966
571
623
627
589
678
133
716
592
802
546
320
383
627
421
351
433
284
718
403
634
420
217
93
550
734
230
982
735
715
839
434
1003
559
592
455
346
217
765
764
339
146
769
841
827
621
804
592
672
1060
17
638
1025
1001
557
165
734
333
386
320
446
515
817
759
925
932
85
806
413
355
905
295
489
523
676
433
863
898
597
543
372
415
386
863
553
478
558
980
357
705
798
505
801
259
792
817
298
544
248
217
182
41
1109
70
886
993
947
843
554
566
871
432
706
346
858
579
830
152
1032
641
23
317
531
501
851
352
498
500
726
591
572
221
460
785
988
