2.162611712618718
8.845102159633628
0.5679358251124432
1.1547697231559897
0.8894681611798452
1.3259575604627916
1.173644294244573
0.8761907717486341
1.0046311073435592
0.5666997740928694
1.423225516018386
0.8497748553599012
1.0436138772430013
0.9823834390876025
2.154937233951209
0.7948557008385151
0.9138663970037255
1.0591963288190267
1.233960963477241
0.5808447707084069
1.2078309604275281
1.577350615306498
0.7017918345705516
0.5410778133855537
1.1136512543031312
0.7917398034159779
0.5545840099664004
0.7360386772825676
3.678914177173783
0.7953610343588305
0.8497715937650404
1.035263574182819
0.8729767568537532
1.0021454327244042
0.637676945607316
1.7217547421424004
0.8466059422743814
0.9010515414599095
1.0504656463082416
0.707816178268071
1.0104018075905683
0.8229029127170713
0.8399282013771343
1.117597971382976
1.1870111663955163
0.6043503799867765
0.5866258265718903
1.9103508910570017
0.6757135743228447
0.595781039786433
0.8199189468193381
1.3488386633776435
0.7621334023258831
1.0111850818595924
0.6246476849323678
1.1978449205668162
0.8618579713993977
1.570377405447933
1.7029773753170283
0.8667919872226926
1.316929336896943
0.6964728927307664
0.6177048506700227
1.5159773269608536
0.9065394103861746
0.6614975704860693
0.9523597208988681
0.7810066225525734
0.9212140445602642
1.601887962952672
0.998986087820575
2.4743447948904502
1.1455877329856867
0.5490447190542379
0.9575377389128918
1.269256843841477
0.8847455491910398
1.4267135289478619
0.6384713794384683
1.54001119584807
0.654959863714281
1.0117510934026837
0.5222912664403042
3.7684031008966077
2.199121178314005
0.8246290803594111
0.7451808197328671
1.2450524167436277
0.6859487241552252
0.5857077084397981
0.799546792880271
0.8308036595411336
0.7542292639183471
1.822571560118038
0.5832048399504622
1.563194425765439
0.9540753551308067
0.6797266324057871
1.07184546738581
0.7133230491666323
1.1001213331929696
0.7642697776678652
1.134044792518485
0.756109979766322
0.728862894451301
0.9638891091989296
0.9846155084741153
2.1971146866560196
1.338140712113053
0.6073656209428392
0.8307168814170253
0.8770694443123257
0.6507948572904607
0.6322858997649682
1.1742351924229804
1.0607341228720084
0.749671744991633
0.7513217405571746
0.8258395778010608
1.4393042147048138
1.1101452477250209
0.9970461910666496
1.2275154639549992
1.0398628192990218
0.8555461204064972
0.7892511727653928
0.5924961503624094
1.073009406714255
0.5767627595714515
1.0940106217637566
1.203908788838021
0.5951186017031216
2.4254547243376883
0.9084002865313402
0.8717798174240452
0.5845200496315327
4.871492150846272
7.52063278254903
0.9483211653375168
0.6106308199039981
0.9081535407856483
0.8032003938784147
0.7463364131614628
0.8111065139016057
0.6915053603694794
1.1757627466716558
0.7492985226483089
1.692558195840655
0.9354229170003505
2.329112310804602
0.6441988232232649
0.6470509607683917
1.163630565410766
1.2919290747765257
0.6916295784654446
0.5856762621579675
0.8368165216391309
0.6404098521630961
0.9467284577031417
0.679508777666976
0.8388482869942214
0.8416690950704863
1.033580285732143
1.0155079700827738
0.881719063990833
1.868160616706506
0.855330782699449
1.260051606120549
1.29711783100495
1.0535615915943002
0.6358970535500404
1.4543030588334651
1.074955746382996
0.7005145463814992
0.862933023912634
0.7764870605053852
5.008004266694417
1.491021944371924
0.5954931170388481
0.6261359144368753
1.1052777020792939
1.050170437286038
0.6588068154750865
0.7171960285818262
0.5927002812952076
0.746809850428979
1.0427685377567095
1.1880234016592495
3.8425926388932465
0.6624474126709556
1.3271871958301789
0.789874650330005
0.8958542547813995
1.6985096822243144
0.8349612587376026
0.8307051141938044
0.9798618277146023
0.7761822942179382
1.0054322752601925
0.7332661149978585
0.9075646566051833
0.6533488451282398
0.9754567409193494
0.6196761838463581
0.6497859721674711
0.8686741294937939
0.7386443844606493
0.6721268780557744
0.6135095547971213
0.7624029363544634
1.057807264216438
2.156163200068773
0.9866363950115076
0.6286853615617966
1.0652141125678483
0.7612694613469931
0.7269617439919265
1.678530769377478
1.627576106528953
0.5841182950690328
0.9926442874504081
2.8294187505569792
0.6860460382324777
0.6533737730952892
0.6520062104423769
0.909126714521491
3.7099105538333195
1.4083977722157934
0.677025371907202
0.8760968894351167
0.8736989361927131
1.021958541954912
0.7703922315580203
2.4212742214143455
0.9019189470439657
3.8170998761944586
1.174959472200804
0.6218133991728422
0.7424425590336993
1.5426440706161542
2.14277095848429
1.0437060546760784
0.7086012043923595
0.8304026967692089
0.5812880103696021
0.813174298057965
1.7420985451470357
1.4090685255336797
0.6606895504743647
0.8082420210699642
0.5734837817399034
0.682892270524264
2.010955013741297
0.6480867517307665
0.5731204421882399
0.594507386860301
3.4965795424534676
0.7978668398194053
1.4035847307917826
8.051138983288181
0.8373986780737006
0.6657809741886466
1.3718500904089757
1.3061937785483937
0.6999081457703148
1.1359267999074256
1.0827281374083837
0.9769744614471799
1.380779474474629
1.674737850001067
1.3326726806572353
4.181232145582092
0.9734334942534737
0.8675408545556342
1.153762667949064
0.6244565269771759
1.1453648158429042
0.5680732662369713
0.8056350980233823
1.253822965619058
0.6359468239140553
0.9333895535793612
0.711458539241316
0.8660529335530366
1.2641504905451988
0.6456313945531141
0.6005468836546533
0.774977759072896
2.117055403188513
0.6682925415512184
1.1267404339039147
0.6668566095449505
0.8566437755549394
0.7639619320327917
0.8088992366446209
1.230848707844749
0.9311484710340775
0.8549024196622195
1.19341111890428
0.7847448001603016
0.8579155406663523
0.7870958199292263
0.9329673229660853
0.9737441019410918
1.1592863270043023
0.8439983426299251
1.0934005178960728
0.7769165398685142
0.8210604572896497
1.8255791829389192
0.7925914374108213
0.9387489264998921
0.5176106856558663
0.8169025208697566
0.6996077622182586
0.7705773925307478
2.2608513362892806
0.7667126617594165
1.015664261279144
0.6121631318753734
1.9399699188141888
0.9300256963481816
0.5918035223559217
0.7750563585646972
0.8588186370428231
1.4105329776439537
1.0463069114565433
0.5532699255011934
0.8349604734899113
0.8841159279335071
0.6843510384044571
0.5825786960226081
1.082257794513158
1.8513045634304393
1.5542767619528326
0.5673761416648779
0.6054283620838425
0.9600576078495027
0.796790810419906
0.8321147751411332
1.161824526457423
0.7047228565354383
1.442615611634901
1.7435207995658315
0.6793035760234216
0.8142028716857314
0.9573134959779118
0.8842006336222831
0.6148557194050026
0.8212272266963825
0.8628492007796802
0.6475715370133049
1.149794004483665
0.6297590267175038
1.2830337575216264
0.8194288307972574
1.1186344939547361
0.7299562175894341
1.0642187017884088
1.6220737666231662
2.138342315504318
0.8693085583240858
1.202326373296323
0.7720883094008274
1.5027522427890092
0.5780844287554905
0.7367810139077869
0.8468027696387614
0.7269554306231488
1.424892033284822
0.75327369361732
0.8328724580119394
0.7616548560316834
0.6720347990693084
0.8969878069283875
0.852331881348715
1.1559986150528687
0.5995370280703437
0.7170270503460012
0.736890785300581
0.9947668475238894
1.661411448168939
1.104224647343208
1.2282480212226146
1.5923737960704274
2.22351218638974
2.4335055756247366
0.9544524657381517
0.9174882645856925
0.7416608447657189
0.5850633585682835
0.8348868710867179
0.6856526350295783
0.6003924298429941
0.5906428299084633
1.2483604168638383
0.6887675218378414
0.7865366402013589
0.9899519417879401
0.9312836864958369
1.012570291598794
1.3316226007971157
1.5486647915433998
1.0015334650315306
0.6157321672060458
0.6627803092524313
1.0627831474452596
1.5134504783904101
0.8237615827055796
0.6917541835370271
0.7407073671275594
0.9499164419068234
1.4880552746084121
1.1422280843180663
0.8646162938342417
0.6386135902990878
1.1381442121699354
1.1770524665138729
0.9959926778340347
0.8091428062805139
0.8609203316141554
1.7905578361018275
0.7145181967258084
1.1911331113806738
0.6337833492450624
0.7613705744097258
0.9757752869594087
0.8352783313731484
0.8198615878450929
1.4655836347586624
1.4232886696150024
1.0410609709577363
0.839488464435254
1.033968146484671
2.3213337407287966
0.8832034367894428
2.8838482575197855
0.7971793696737716
0.7704963634882916
0.9666740570662794
0.8180284217849411
0.5861631848894667
0.7660259053553451
1.516287668614069
0.9052385078613038
1.4567766964353108
0.6223455326285608
0.7701454229013661
0.7388283856756398
0.8422952048766532
2.2563789859157692
0.8488275899240253
0.9189139187484212
0.7805730938967976
0.9605392313029066
0.7413046153181265
0.9221637079782168
0.8588761008573008
2.441416503884717
0.7519265306402091
0.6092763478557887
0.6116829960338506
1.227188630867309
0.6197606060248495
0.6152891104434052
0.7947727972734653
2.127377806582483
0.9490251068898191
1.049830918095264
1.3681247659249975
1.4574889417853694
0.7533638144194865
0.8235872208566795
1.032529672745877
1.1938470571317514
1.1351024239492795
1.399275203824758
1.7368364480411684
1.4454191426292335
1.3772414750995023
1.0776449046755243
0.7783849442855884
0.6791787051867703
0.6065995761913249
1.0084460728780078
0.7737201212843843
0.639180462123432
2.138117191375149
0.6575215373482435
0.5762819088109354
1.3701474219729597
1.2785838229285706
0.8544542402288255
1.1068731761811803
0.672711738486447
1.0748501118691989
1.2639598960399425
1.261060986150557
1.6278046832864566
1.3491294879907603
0.7206288948185424
5.628520287882377
1.1471943776987812
0.7412238842382554
1.2668247893837057
0.9572200666735317
0.774825190240885
0.8409703704522393
0.6930643232942358
0.9706708568835817
0.6989943501212759
1.963265484747716
3.8253259507466244
0.9739605228719053
0.9024713599397349
0.8176824278078985
0.8636085614721334
0.6129432038121249
0.6892757890129299
1.2954597564300425
0.6462294891467135
0.8764124437569979
0.8394899909585499
1.044790555599049
1.3226357059043665
1.2260162692274024
1.260344947266727
0.6146622192272942
3.167416149254947
1.0949892380590547
1.472720359803147
0.6461872904915824
0.70755954626643
0.8565000823199606
1.5243417257170666
0.8478576842717329
0.8193498685286725
0.8997921557968681
1.4097052193646178
1.2395796842548077
0.8487556816326647
2.9786454569551823
0.6931452030852696
1.1755303403475283
0.731571039005782
0.7787221448028205
0.7200465325710106
1.658817316800795
1.3235657919141033
1.8756235357454885
0.6891328754082294
0.6850493274804307
0.8498251454637882
0.6368204515361134
0.7783832596389187
2.4012982830572853
0.7849208801633799
0.8715877757163637
1.2921657777226632
0.6207933719199454
1.5778206257904603
0.702428409111987
1.0380472371593197
1.2508168412624376
1.231476144306363
3.542102173600804
0.5805157895236713
3.0918729077531233
1.602436552889498
0.9055385756867192
0.6914535764887082
2.020072230001345
0.8752951464827554
0.6960670577389249
0.7109501596518367
0.7467065262018475
1.296785650277683
2.684591715794317
1.4801538781769534
1.4338527518238977
0.918752781870257
0.7242939717589797
0.5798689082821329
1.0165781097198685
0.8225995470812307
1.2527429050479877
1.17974641160203
1.4984199626321963
0.876968281706263
1.0139149280728728
0.9135296564534233
0.95563193024941
0.927655572054093
0.9098112246402292
1.5646951133462046
0.6350651665162205
0.6587635902798072
1.0210670800436437
0.8161674405767402
0.7464213426009166
1.2074431176539933
1.5771168425144115
0.7785346718394724
1.4190506603937423
1.017580292272914
0.6180088999517861
0.5722410437606749
1.8559513789459443
1.193565388330186
0.9359120589987396
1.6597390761466277
0.9384329921678929
0.6634223545266524
1.6413220332681455
1.2112983904168806
0.7305981934445464
0.7944803722374613
1.0769933760146206
0.8353642432173707
1.1490538104664787
0.8770440613086007
0.6368018722104102
0.8660577855840416
2.8733456039461727
1.1768281654442891
0.8104152342743625
2.333789973762009
1.0375330862261878
1.1683821440952027
0.9136641196663432
1.2408545197692888
1.121946748017192
0.7464136765884976
1.7832538643477838
0.9955687392168197
1.303334065231417
1.5915739874628385
1.9037201776003376
0.9020503834674715
0.9333539519132892
0.640221398846417
0.7321772052270721
1.0450413715806302
3.9478746611575652
0.6437847553981932
0.792186557987413
1.2094546683632854
0.792139493552323
0.7566739210405615
0.6197005907562207
0.5837857217906882
1.2536248102183212
0.6459837528125466
1.2599651326547399
4.812469482325113
0.7930791242481848
1.02811185602291
0.8054145935381873
0.7222612280786594
0.8081003056387175
0.9037246046811549
0.9137856479897827
1.1150569741271616
0.7965201915640968
1.0805915591712139
0.6993091887053794
0.5927268046052391
0.8551986128471087
1.2721446208432168
1.2697817041863204
0.8752752279935008
1.3720076251388058
0.5938152729094549
0.7797334447254752
0.874921386457011
2.8058942573563916
1.137589583170556
0.8401137516793802
0.7344357891489722
1.0704764358941712
1.0833506888442108
0.6511210100780737
0.5632905438168333
1.4742941412072332
5.78788549733609
0.8356770974398278
0.6407395702351165
0.7289848146282943
1.2352462784001381
1.502218830630244
1.1310872060916075
1.1998134964810971
18.774671268759942
0.7005050591225539
2.8768574892348595
0.7822975383661788
0.679683312589528
0.9445210130513834
0.7100143307596215
4.272290286770504
0.8596694095196059
1.1523324222331206
3.455247873780215
1.8502785137954991
0.8834778632978227
0.6782861272060514
1.5923718496408703
0.9144501149528464
0.6044359566167194
0.9220157127965376
0.7037274005371248
0.9047872972540272
0.8982756427424663
1.267026290328743
2.230244052344949
1.373321028317876
1.0102124286321317
1.2862011682047438
2.168736667207306
1.1866448987793063
0.5907139453822711
0.7442511929447043
0.9642363887614451
1.3176466986473878
1.4096684338602237
0.8541498337614482
1.669699492342743
0.9971695718854174
0.9997469164549657
0.7204309378542115
1.0049176298139448
0.8240930904400109
0.7907824890935025
0.8333559907376191
0.8595333993756926
0.812444795053555
0.9381777221076637
0.8173502524760274
0.6849908122260966
0.8005138415939452
0.7810583642528215
1.1104721768778414
1.1108239074234618
1.269798884424731
0.7141877379660303
2.968429548134631
1.3303051277298679
0.8277851343005809
0.5512435271732973
0.8959983888019823
0.7215532700587256
1.3472497741704692
2.4149601819722566
0.9037050819578268
0.9531422910528946
0.5973563096115296
0.6551795130356299
0.661191546086535
1.5492228405504573
1.653808161259908
1.9918624912009235
2.952221606095827
0.6480364650927247
0.6822090729864153
4.037630930569824
0.6978021689101647
0.8254355537979106
1.055120873600321
0.7466242636691821
0.906680563885638
1.2438454749492631
0.9127639284306701
1.0483436531100736
0.8574015065339442
1.2024551111991053
2.929510736854984
1.7639090377511202
1.6148618478411443
0.9444868091512316
0.8169446930929434
1.2946991649841553
0.8672810409546197
1.5221134790080224
0.7148479190558926
0.6815936446737011
0.6639089967918179
1.031488391025026
0.7780760952698424
0.8808417138741885
0.9756795630144102
1.2501632107041594
0.9737435510345922
0.8763758877211191
1.0348759109634977
0.7470074396541722
1.1522769197384641
0.9375783251786096
0.6401906983685671
1.3330957628237297
1.1870672039588925
1.40627182837605
0.9816670181606248
0.6823432383569223
1.2115665893643102
1.268407705952825
0.7133441057535616
1.448948179420126
1.6749804168239624
0.8245382548445447
0.8044638461802346
1.2129738697718881
0.6504801553958289
0.6679426266207649
0.9518853239725646
0.6868657307437603
1.3093128107638599
0.6352881291148509
2.4926502910211124
0.7599436887157632
0.7695301656182874
0.6823008490568199
1.2546229230668384
0.8664570386772514
0.9763330724150818
0.83027136853341
0.614713296780453
0.6319010257360672
0.774186513404775
0.6531131341759807
1.0581264238522587
0.7866399988877945
1.112653695965913
0.8415190200537437
0.8839756215496959
0.9977367837614101
1.3076024642240796
0.8687617815714511
1.4704941478250915
0.6947126694416976
0.6703897738431873
1.0470276336994577
0.8801949441707814
0.6421125400723728
0.8755227298629041
0.6259866794000741
0.8319750842985352
2.033248505099657
1.1268715655400923
1.441984892693268
1.249380101035593
0.5596000303995098
0.6015432280388769
0.7827138157086394
1.067970777061788
1.0839180590989996
1.1182731208756316
0.7497428612186335
0.6066472059925808
1.0475025857970885
1.0537893921897943
0.71667358834968
1.9018716402553801
0.6637714870301158
0.7711744241147734
0.9770262875744341
0.7972775732674892
1.1578809730781776
0.6973158446961116
0.5560387553165846
2.110127406680534
1.299722372267335
1.3236220824454183
0.8988009505493102
0.6173173550519808
0.6900570307534669
2.650001356736322
0.7950973879345561
1.2983065138574021
0.9818862455951506
1.1740524407718127
1.017955570911457
0.7537283020312614
1.4804226910917424
0.653808525376035
0.6195824908584514
1.1417010209328167
1.0601117275843397
0.7448373571577263
1.302614769885462
2.3151957290330576
1.1348555458671168
1.136908079550027
0.9785489135683919
0.6858407719217609
0.806318352633316
1.1097699389160698
2.151083575587852
0.6625245179731754
1.1991464798116016
0.8810399244725274
1.4614474788524607
0.9430465021449498
0.6939301626289432
0.6912125784969549
0.6825739638105768
0.7213040872719043
0.905204597497627
1.1498916657877365
1.2749375010113184
0.6771293820103286
0.9989680986188989
1.2074258893729013
0.9300315604956177
1.2201962326480598
0.9229056206265327
0.9094126532975342
0.7133782378290845
1.352042845995132
0.6607406557557576
2.766246574940998
0.6943628061839382
0.7044520464767589
0.6366224157556932
3.4985955008861485
0.6581935938476159
0.9259046963182961
0.8264716215598354
1.0798681237802952
0.7170051043580133
0.6342189371353554
0.7458072132104472
0.9706158358896012
0.7535695722617787
2.1445858363029537
0.5874312370722149
0.7233446708426463
1.871757501089097
3.284445813955464
2.5113158666727187
0.8160748333813733
1.056031282340884
1.6784221052288733
1.0593451616704375
1.5504514405963241
1.9013985982454573
0.86503640142373
1.061293028643263
3.536600296399657
2.174332031632464
1.0010933263642934
1.0118355702003867
0.9487577347069481
2.128294018546856
0.71254343435844
1.2155242191696554
0.679355978958302
1.1333326000790935
1.0458689738022844
1.099972761423813
0.7613367932581182
1.2922551701273104
1.0010446218287539
1.4629738227603915
0.9784106352440165
1.162797945049899
1.107617665362873
1.4927554023528644
1.0820403942176224
1.106846735726426
0.9086383064083922
1.8120580989542239
0.6201528944413452
1.1145401646225332
0.6942024156227274
1.4833304494479715
0.8801855990993303
0.9480636852960383
1.066942576149331
0.7888369851730717
0.6925045277691945
1.401473133721061
1.1973230743315617
1.1068492128630547
0.902348539001175
0.6605320600024704
0.6343220261127128
0.75874703584246
0.6305864056515358
0.663498425734089
0.6718272702318816
0.8167728896703637
1.712719620592944
1.029130317777111
3.393429488472879
0.6979978120422502
3.163972679087743
0.9562123434593367
0.9813138199966132
0.8104735927315758
4.0469438112513725
1.068678785483439
0.6923588801069248
1.4104351074425645
1.0497371776076605
1.1348709871683562
0.6575132881025663
0.819335901126247
1.1600737365767073
0.655788918141998
0.8493164259002743
1.346774932613542
0.722964659168747
0.9640502755798165
0.760711904371079
0.7901281582419641
2.338990936509635
0.6922537786987485
0.8827739470849355
2.695876087476633
0.9472963937697805
0.8010090945747883
0.7811139942040315
0.8609747475322457
1.6095695748343095
0.926725075468126
7.287172716489652
1.0783331296960874
1.1447184022340202
2.545502743481439
0.6837341600358169
0.9840595708799212
1.3019099565154122
1.463641107875689
0.6163412400691489
0.7286545362809442
1.681070441545284
1.1711332389581637
0.755120125365693
0.6854671421036515
1.0286963084266916
3.200947835738524
0.689866112490231
0.8638704110554823
0.7240090981301702
0.9493054950778895
0.5732594216142707
0.6683590512745896
0.5572669002936042
0.9154570285497926
0.7857703848417786
0.6783589280436844
3.083918971213138
1.3283350161386613
1.19978786222598
1.0198357956676762
0.6103394530048726
3.8980578159293797
1.0687100743203446
0.8061749682148539
0.8205685896997986
1.2558101567283673
1.5666720576227382
1.2522456025366053
0.7023567665260254
0.803209892565762
1.0801549956575027
1.3458943224257083
0.794062606949632
0.9006783445656767
0.6236062005658463
0.6681740651612731
0.6627962044057558
0.7871663946129321
0.9041626338312126
2.6738192974025665
1.2027400007670779
0.6412064541983291
4.064222469503387
0.6068357724870028
0.9089865310308954
2.582809815633294
1.0058228124991686
1.0373452128569385
0.5690447944597423
0.8815468011030925
1.468429774012174
0.9015302417610251
0.7155529735583102
0.6689877907290357
1.6153540053803577
0.9100475983170868
1.8268015709135428
1.0365541627886163
0.7137637709242824
0.8011282192408984
0.8055614429200276
1.3664158850756012
0.9214613358163154
0.5753265386606016
0.8996581037461784
1.0876227824735774
0.6036591096942527
5.2613959379794375
0.813331875063678
0.9736721447926897
0.7763610839603831
0.8051181492673187
1.5629705864841084
1.2102473599618455
0.541027661131133
1.0719619626727033
1.31637455480436
0.8555781673323613
1.2773598019585821
0.8343598282252599
0.7915373788635721
0.7743128822295542
1.8177845965311694
1.214537652510553
0.7202781106348426
1.8442543115946812
0.7584077129636764
0.9754020204439839
0.8806224089801648
1.6054859763750395
0.7898834792048921
0.7673405869406522
0.859469252532922
0.7413912869100171
2.461635139519996
1.0767042778126437
0.6681278329330634
0.6268322789552614
1.0147280914204664
1.242068878843875
1.0204306541367907
0.918432208004113
1.1528321346555968
1.0523279994587353
0.940672814304054
0.8972837254480087
0.7230045201093007
0.7224095516282028
1.1041042682122615
0.6885280508714055
0.7930336911523586
0.7107983966603225
0.7755234073743935
0.7802295123401669
5.376186860810692
0.7644837495637271
0.748041536396787
0.8952428327953696
0.6604841196849727
0.968201543541513
1.0092562012102757
0.7024517438815449
0.8241312785083763
0.942892049658288
1.4097039086332523
0.948130199289871
2.1565159067035604
0.6947244021575429
0.7554033268842896
1.3380538952183856
0.7057952826428499
2.0145484355861267
1.469886259103172
0.8673268455379519
1.1635995750850034
1.0740554408001546
1.11216556794337
2.9147994104273014
0.9342701588375637
1.7658941688277578
1.161098726765256
0.6548129196027289
0.9652645722331348
0.9088972167100156
0.9897346815854308
1.1281848437215811
1.3032053677958264
0.6105093546032735
0.7072635500848071
0.9527034139822464
2.3519794690085924
1.1620364382639425
0.7303107595688236
1.1064788732463955
1.0829690112772858
0.717747279099237
1.1735729378104383
0.6040710559915928
1.2776835978164354
0.9881670135696462
1.047136757992171
1.5607601397220257
1.238642017265697
0.6818234654785384
0.8006541825871513
0.7491120406642996
1.2398399386620786
0.8336720652379407
1.3537222304098109
0.8209895291955907
0.8771086217235342
1.1139352048935764
1.0525480257616415
1.037018852809267
1.7186335437508744
1.7290665777569592
0.673615728987326
0.581912675082426
0.7112646921983485
1.3932839593778634
0.869096630568859
0.9263672724319023
0.7506680295047055
1.6331859690821904
0.6946876590057617
0.6381437818955803
1.056584439573098
2.353855877732013
0.7202569671209146
2.8222560790009408
0.7324865694084148
0.6746513534764715
0.793553855270261
0.8580533007558556
1.204045773193701
1.0016987795662107
3.2708015845310907
0.9134302805753287
0.5859809350762942
0.5871708922095616
0.6996207972733092
0.5740810410812862
1.0662439802744477
0.6978855102378965
1.4276330079546393
1.1845912444049216
0.6161878433373614
0.7316356049796705
1.0004611740051852
0.9473772435446736
1.0506120850485787
0.9249992125739793
1.438672209756995
0.7727427589425266
0.6516766363569939
1.2697638195928396
0.675736332100664
0.9724645464007147
0.7633569951186748
0.8401356034724304
0.8569588073325066
0.7737932639282605
2.5165023695345097
1.0374496103022646
0.8875166206415394
0.907743637178226
1.7260244230131538
1.002498901918338
1.0481827382316242
0.7047537482812535
2.6687183137035517
0.7931362783172707
1.1066425682990682
0.8891400791103188
1.6953372514034173
1.1004324453123722
0.9787794050766419
1.1239522187234872
1.3973009403107384
0.7901864309281806
1.4721168724289821
0.9954085143532427
0.6353640508494452
0.6137277472088218
0.8571028756853267
0.777274967390135
1.8330625709804995
1.392034138154016
1.5981451279883547
0.8697068331040009
0.7269847422288188
0.914926072088971
0.6524808362726322
1.4536437062496568
1.0298211573913878
7.248013454433189
0.6645793922650266
1.4113835623480326
1.5334454581825938
0.6142579823116195
0.6664278203552305
1.0800568783758746
1.1463062466431646
1.161829400196312
1.7531496042847177
3.089717819020351
1.1917595011334585
0.808455413926594
1.3177143694873816
0.9473619235140803
0.7540709162533699
1.079437838670674
0.8067946390900594
1.1709226171496039
0.7299048547272073
1.1809875196658284
1.7271461708531082
1.8537669518918147
1.103375505311789
0.7233071360114359
0.9835207729521526
0.9221494880269862
0.6872678711622365
0.8345042625053253
1.0835388367702792
1.314607154924569
1.2698442748106111
1.0777989875917533
0.9741766509846191
1.336848344434572
1.0661581121028656
1.1850019582096452
0.9437945450128995
1.2294874850206685
1.825152727817154
0.8069328166833741
0.709057008159649
1.5357179657521307
1.294856097131549
0.739145247684156
1.9218515534250036
0.8430511971671245
1.9880500464174806
0.9501774973439122
0.763494954018197
0.8560180294152454
0.8389800132398666
0.7976005093847426
0.9017058921244936
2.262259357785041
0.7265526965720716
0.6384896768020706
0.5898894740691549
3.127968255840506
0.705229153929147
4.5679662697610635
1.273014677096469
1.08691356895415
1.0900326910278701
1.4588167842427655
1.3673276121006501
2.7145321454491484
1.0579595038230107
1.4664141159375057
0.5095666372766863
0.7621265200236415
1.0230196616743503
0.6688497433300542
1.2410577398880207
1.281254326417643
0.9006914807044328
0.8351251808717872
0.8244644449686451
0.915601233997405
0.6502072187383799
0.8372067592864695
1.0744224771302922
1.3466578226617405
2.625414951769687
0.923219540816374
0.7867213350497888
1.2185503967375921
0.8570504394163364
2.139019440579092
0.8567058032245702
0.6795775225882278
1.2877263397964043
0.7658997256902952
0.6383312145086769
0.7698270355138235
1.5438375224272458
0.7019149540631163
0.6286297776880185
0.9070285872651147
0.58366420989479
0.7635916743397627
0.9234093973237252
0.8280593198245431
1.1245696516265935
1.1793857719119483
0.8628576283602399
0.732495723816039
1.2033598534381809
0.5641526475129015
1.0651131639667961
0.5997175187493874
0.652587685119391
0.6200909226029199
0.728189267445224
0.9402146771994103
1.0995075185431087
0.8906946991534569
0.5719476539028128
0.6976411166370603
1.2685529959933872
1.8588323362234862
1.484990684916761
0.795561624416661
24.74936621268689
0.6542933905209805
1.3870816467831046
1.183738775149724
0.9749993898927785
1.6359345007051884
1.0692912331908384
0.8975260880060413
0.8103366809066028
0.7654679974320421
2.1004399701579914
0.830406716327481
1.954731090129752
0.921789973589017
1.2205631755713888
0.8606409978106896
0.8636639467425001
1.993300302905886
1.150565064551244
0.6510335820013972
1.4119138885721683
1.4432845451149696
0.9729807974830814
1.124313993044672
0.6974175338464719
1.0982062974167426
0.7846729442198938
0.5934069545974096
1.6498249596892167
1.2326819966021283
0.9554502858134699
1.1344548389092701
0.9370153127882642
0.7921658665338456
1.5414295873407555
0.7384953264154427
0.7845199055963568
0.9281793430743887
2.297961438717854
1.458312179775315
1.1828080392650107
1.1015481068638036
1.5343639085916507
1.2355537098379856
0.8882513036184195
0.9313065991707218
1.2839711299128365
0.8433255081479651
0.7793153077051338
2.3103707279445898
1.3659434735008922
2.5073624917204285
0.589915568040555
0.7751873143774178
1.1512263165749785
1.086801144337394
1.2880169414004359
1.9110112373305113
0.9078055547294263
1.2809079806967056
1.0142400835890946
1.58783544465642
1.2551934121327966
1.7274777847385294
1.2633369862865151
1.0045739117094468
0.9382144748580304
1.0043914453647296
0.8085268518168058
0.712738606169532
1.0477292575189248
0.6617683049802209
1.086659143651965
0.9639916614987009
1.0245886582066464
0.9317465348093558
0.6972732970940289
0.7277515894624473
0.9473054857814194
1.3993850566575912
0.7877800594854857
0.9509670342488844
1.7433067797625548
0.9344123858369066
0.8988553609621628
0.970852262833581
0.9096337648309926
0.943182286923596
0.8574537823069063
0.5785842051222241
1.0469813506351873
0.9023709974262262
0.9632787019149851
0.6039534033444395
1.1676532229855572
0.6951124782247317
0.5746352313750845
1.1061440282377584
1.8248642100152292
0.6211151983048532
0.9135896812936847
0.7162909528332169
0.7395763038695198
0.9838635160299134
0.9008009300497312
0.9945665807209382
0.759513322767343
0.8068297305361248
0.872996249853952
0.8386042119427838
0.9796618602749867
0.9582023150957295
1.1884807752724227
0.8501338699050851
1.4032228737320627
1.242785855497566
0.8295947294220467
1.0904468795347608
0.7789598084978485
0.5881231108096971
0.6290263185741304
0.9583264364464305
3.253517887894669
0.6813239206228762
1.060978866467345
0.9156451096132868
0.7570791727335565
9.43173546979388
1.9438877633390645
1.1408085610036383
0.6483705784838305
1.0183606790491087
0.8304297566343196
0.9178669974565141
1.499343489983266
0.6449894750091224
1.620463568212294
2.019918673927192
0.7741353133401747
0.7874647147735555
0.8048301496265686
0.5941111570495633
1.0737908083140946
1.1248713525754714
0.6555641768673455
0.6453384431145405
0.9791651718993986
0.6319560625128513
0.7491155416068815
0.8758841543458281
0.9578379442528686
1.3500780983693026
0.8836186534498799
0.8998339208379718
0.6734635624632888
1.0945572734954774
0.6979913861336182
1.3237459131885585
0.734655448444839
2.716692178602506
2.1508035843614817
1.425658254674557
1.1043592081198408
0.999849427331233
1.3423974970893124
0.6437692241205613
1.5892497834725599
1.1230104656122462
0.8158739901092671
0.5541814456728158
0.6828856806526431
0.6048909783851427
1.8168775377757769
0.7638294418400083
1.502673310044865
1.6012523816081314
0.691224780217608
1.1133840948418428
1.62896764991725
0.8409825256042688
0.9821935126630044
0.7212173984107817
1.121953760639258
1.1807538196405825
0.8357155050541293
0.9685260144601358
0.7762731339206327
0.9293341405900143
4.097676963499244
3.768672738619716
0.7880848408328607
0.7630783076767748
0.8846108678077285
1.0016560550980254
1.0702180472694207
0.9984270480329724
0.835741858004233
4.5328540988132335
0.9086723182145163
0.9756642292060898
1.012309487397879
0.841548768054368
1.3235534076759354
0.6842739100238746
1.672047044689943
1.8772760563971398
0.7485807421116841
1.7264871019842203
0.8872625893059489
1.1948817355798858
1.0442193352359295
0.6038651673233627
0.9376841999929791
0.9357683719927884
0.949692909900637
1.0451652457348688
0.7116769989865737
1.1056464493882852
2.8765838240993973
0.9277562189040222
0.9516693318346944
1.1548330026920561
1.7821325826034742
0.8936706467726836
1.4204918138643443
0.6994121007138127
0.7131595888032497
0.9194520370084115
0.9576075473076873
0.9446457016531457
0.8072069226157143
1.7374367709284395
0.606957850197861
2.4842166490292197
0.8103419033237067
0.9410885793261073
2.1804601468907783
1.0239656556114396
0.7969517764336334
0.7194551657545126
2.782023033123528
1.118922879804371
0.7802046075858442
0.8972005206857021
0.6360335378276301
0.6314680629304938
0.7135578116565043
0.9893945748181386
2.0676006478070796
1.1975616039445778
0.898599659756533
0.7451582231133531
0.7855488189566985
0.8269879794625231
1.7391413585952096
1.4824638511534798
0.791460905607267
0.9282209545844311
0.6824851720198262
1.2075023040591544
0.8454891577284325
0.8875227992393303
2.774839664672958
1.5595852941320174
0.5972136310826892
1.4932806993615002
0.8960707630777714
0.6826415923944568
1.3196655584521617
0.79352749086195
1.1635918401807732
1.150468911063833
1.2519180840455002
2.1963665695389025
1.514631830809389
1.0857711225436149
0.8190456235239257
0.840643674791931
1.2886551184372788
0.9276552507890843
0.6161274075003496
0.655594066511969
2.5845643976225015
0.6800611280215868
1.393078514819331
0.7296916888033043
1.0659960282629288
0.7032609172425229
2.776390888704673
1.2800565604290066
0.8058776202519443
1.038951953944592
2.0745132151063483
0.829005151541686
0.581501687840368
0.7359309655808546
1.1435063170278157
1.0014408579259801
0.701147987575128
0.8273652028012206
0.9225169710598625
0.8605669598480118
0.6045765856369155
0.6457537761006287
2.0441673949165566
1.173939171233869
0.8970706992020823
0.8286350766644057
1.3054466095010833
1.502980529440768
1.7232971383259128
1.0154600743118176
1.2322204715459106
1.3550976071973722
0.7561314214003976
0.8961644152288502
0.6100013399500279
1.174829902917388
1.277406230180036
1.5516327410853408
0.6869600082706829
1.0711520723787331
1.5878135972149667
0.8555496386602772
0.6761740055855031
0.9004449724522936
1.1038272383936938
0.8855786156739739
1.1846527800507292
0.8011827160321726
0.8450933641285356
0.7020700806254573
1.1927553636809693
0.6414568547719839
0.7065985182600036
0.6762773754339744
1.0092918716071606
0.8728117487515263
1.0647003726612112
0.6562752718827806
1.2227580360237444
0.8415409770129877
0.6289995254627009
0.711779420781225
1.0245892399486691
0.9269903793597027
1.1162069859605799
0.9312037437267031
0.6140847743219303
1.5149595235069417
1.6084173371641182
0.7363356531704436
1.0093471464205488
1.379967559350222
0.6983353345936374
0.7252984074082687
0.7016949628400989
0.617381922363103
0.7722778875045979
0.6864139040826956
0.8286182086463136
4.199799423877963
0.968388920833753
0.6440165227242421
0.644285629172466
3.0119657303885705
0.8716927081449138
0.7991368226600354
6.656603879879217
0.8150070100026469
0.6468184838047223
1.143584188313702
0.8591891000990434
3.531644410919398
0.8980842891165457
0.6765457195288943
0.8965670478947445
0.6378494240045545
0.627174576007029
1.2180672224658784
3.1041564087836924
0.6966867902654077
0.630827203172389
1.0373187239969806
0.9253756765476234
2.267417566889244
1.3312980893900963
0.7322034586438432
1.7837307035689591
0.7772414557084573
0.85354083480093
0.8623360685382055
1.525138726725358
1.3501954855491807
2.928600058598418
2.2693795499805924
0.6841564151640178
1.2019950217208977
1.2380780555725752
1.11808367444385
1.057163299635372
0.9188452249600831
0.6758715398370759
1.1039466218794483
0.8894978468034231
0.8968434331568967
0.8581483582987087
1.0009501235075382
1.1425579884376762
1.1604960037221805
0.8841307933072302
1.1085366318379322
2.162986074514795
0.6474597407311243
0.7192911930135335
0.5895055344364678
1.070106987818418
1.5233403884062107
0.892674113314733
1.2660625784505264
1.1130959875319455
1.1668122859175925
0.6604006162632471
0.8696260960922801
0.9859969687927884
2.176335536408601
0.6619945190194148
1.8212462555710023
0.7026613402145152
0.9531628960752028
0.7246131999693731
0.6673165198835009
0.8202429242373902
1.177671769282709
3.6212744148229326
0.8535719095697318
3.235189731464258
0.7842991644077989
0.9276486969586195
0.7797285906221275
0.7782097214992796
1.1478736687076845
1.6440091788181879
1.0158288604370813
0.633485624445307
0.6360435416173887
1.1799797049894594
1.233454107265043
0.8899988683950538
0.8393780858941066
1.1994783698258906
0.6668800941208367
1.2268158960704973
0.7614557839353983
1.8785748417485035
1.070349922361294
1.0743904115327132
0.692930835946788
0.6052381507063435
0.7149648094853971
0.9822400571359207
1.3515666013445946
0.8806245410449617
1.1763287660371906
0.8189187334634399
0.646768259833949
0.6388734738475922
1.3716439993288256
1.459493157710849
0.740848497879906
1.1544507951952376
2.657883983011839
0.9418013127593043
1.7529408404067208
1.5970411538952611
1.0878465736003822
0.6901126117309531
0.7737564045975327
2.2071142130424657
0.7361037825773418
3.0240156227192667
0.676152893364139
0.8209605245915433
0.7113870729324511
0.8648320418670631
0.7457668926616111
2.3934710148318765
1.0317459647763176
0.9537724344057301
0.5954182928804792
0.5984389720928522
1.1513841157013343
1.6950697483352097
2.1757510061576206
0.6171414080442277
0.9232327113140353
0.6541396678123456
0.728797305879837
1.2185885004487378
2.800847391919718
1.3086404365068551
1.0298195946670075
1.7386974736499472
0.8131967271605726
1.4342363045317665
1.5638861039390783
1.0207808863862384
0.7006573928028116
0.6120527317931337
6.831198133880757
0.7888935776990547
0.7149887354837077
0.833950997964461
0.827113235246992
0.8855847404875387
0.6116915466573866
1.088608400529067
0.9893908095888947
0.9866788335052157
1.6327240112273658
1.1661299197411823
1.056221305863714
1.405788557850447
0.5897824590304038
1.6712483452708142
1.1345859720230005
0.7368528889193232
1.454899596456626
0.815663634221975
0.9066468718123301
0.923740697357042
0.9586739280392077
0.7156072822609666
0.8585534416921078
0.7015469326339654
1.1299619391454017
0.8208705638697666
0.5841032691797464
0.9070826355723085
0.691629858550424
1.1648907371167783
1.0365995314121383
0.6522850192923364
0.6877421256168897
0.917933946314964
0.8465076170486805
1.140595631678586
1.1507378719568369
3.4726053068974996
0.7815841723048913
0.7823821447667559
0.6587403592412184
0.8593544697476665
1.353264194932052
0.671067351242796
0.676723484858611
1.1687420482670987
0.8591890654124732
0.9924770743655363
1.41598792739614
0.8763485462101138
0.7026755485912816
0.8579642073094715
0.6842158511375456
1.0880123049832584
1.2777493267531497
2.035217284241043
0.7036795654418744
0.897397376332402
0.7771458206075176
0.7997489416050444
2.628505999405349
0.9579746190035829
0.9045010165329551
0.705212714962516
1.423853744464726
1.2357331059910341
0.9404690457958511
0.9275869473217949
1.2584955007800798
0.9672467350730898
0.9499641913642154
1.0333505680328712
0.5979071695014344
0.9771119975024867
0.7731200443315611
0.8192078918866654
0.9090028912568562
0.9074555304169432
0.8366415677415732
0.9162543662827192
1.8459187053745911
1.7622234695695265
1.2425200299158667
0.638137547204297
2.0754812532780775
1.095976552319135
0.6190478378708596
0.8098161827899263
0.9068818684796978
0.9101403361881626
0.8062095321435276
0.9748064044561993
0.6432225205133433
0.8104681873043792
1.205516914597095
0.8745074248088677
0.7608946425884144
0.7317932279334438
5.241303097842382
0.6743896798134982
1.5038046269946952
2.723828538144867
1.098355542268557
1.3293938802320864
0.6835766817414364
1.565166182302268
0.8136767156038504
1.1859918353232324
0.6710083717329915
1.3247720018392977
0.9573940601456279
3.5059679104891823
1.49028293035556
3.853658914197978
1.3423072699331116
0.6714399392968646
0.8549531053208831
1.0082621790999025
0.5711477251547382
1.619939701229684
0.7083095985998774
0.6029181871964008
0.6939281011627086
1.0580598392690845
0.8554628624561066
1.2583600860345492
0.7221454774192652
1.057597913064499
0.5631378054671162
0.9185072273194321
0.5405203690462244
0.9738334364885829
0.5703809252934248
0.8028338665344398
1.6515892957753013
0.7501388659664889
1.4127665529835653
0.8116456822248694
0.8896514189049419
1.7426133255523377
0.8443928494885692
1.608361823401179
1.7163586019119244
0.950324681914908
0.5910800583554763
0.5243102810992686
1.074029524349398
1.0227357045221024
2.086169054987819
1.6555927339997607
0.7449976273953337
0.6430756749996419
1.2157086792218317
1.0845249237284929
1.4416025746528929
0.6045002975289596
1.3740184488321174
1.262555060743973
1.4738433667245856
0.9607377503741052
0.6482838138319076
1.0923360677150773
1.3834069477548223
1.8841185412643258
1.6228864569865964
0.6993657176106579
1.0867314352341382
1.242840241527111
1.1111333639512662
0.7799068730954014
0.8285201587400081
0.8050223829581378
0.8271206937818775
0.9242826799223709
0.846395090532036
0.7188257094604782
0.9936969419026352
0.8472698755012569
0.6158076688204716
1.2118608953354546
2.681888488294668
0.583017959378631
0.686040586402553
0.6854028577679313
0.5888084268432101
4.0924512826936255
1.5464561743115006
1.3117556504857988
0.6060076868369181
2.308635679015919
3.326468901887497
0.917349781191334
0.7586433339438976
0.8869799258724838
1.3266214274515853
0.5511522058428435
0.6458639988745826
0.737453501253832
7.164354025131094
0.9727427739032083
0.9279146681822444
0.8673970768251038
1.2989560171849521
3.7413982920981224
1.2239170094541496
0.8667249390989925
0.8294785791497451
0.5330182268432957
1.3401339469691422
1.05691462717148
0.547262599373077
0.9209740649143067
0.6862086826664608
0.8588074977788208
1.513651319794909
0.9299526317387526
0.8869918201116667
0.7146491531072403
0.7841777492703514
0.8766472501804428
0.9888179663580647
0.8365299941577952
0.9945599584039381
0.596587078693198
0.6261628538780026
0.7879337508919628
0.9437517254542057
1.2184685602213645
1.0745277099196051
1.2480146377053511
1.3181361030555945
1.485363520687605
0.6461581879555497
0.5672495647763314
0.5757172423438602
1.1368393981459382
1.1216405405702272
0.6950122956690841
1.001117082362326
0.8236839041581843
0.9804134885253063
0.5810923588185531
1.34901607296575
0.6628004310584638
0.8255633193835125
1.1422845968783362
0.6220909366751965
1.2865972353842237
0.8698216202807263
0.6552874681588071
0.6344896391465314
2.5695949120897534
0.8012412634029562
0.6846624685122861
0.6993075692649654
4.248723006537293
0.8877070964371011
5.355279809246866
2.8290425703635496
1.1067863672699705
0.6143118587424183
1.709592804640398
1.0521470733571419
0.9167805550369743
2.476318828737293
2.0464150880318526
1.1540250248302981
0.5999907482943917
1.4275351410129644
0.8324690548984908
0.5601146240941902
0.5703817351656497
0.6691715498334765
1.024811964698052
0.7488224799431442
1.0908766469863238
1.124643375244492
0.5405950736434223
0.7472350892499728
1.0449995635912408
0.5928968524191117
0.8535454437144977
1.1376179812103426
0.584231117201296
0.7693446751311661
0.8714321830437927
0.8222616743776644
1.129522188577467
1.1839639821147978
0.8191050771441105
1.5544001634844087
1.650760117200126
0.8065056122113357
0.7663089655455602
1.8309615210672856
0.902422814806704
1.1715275058521155
1.1632086163063953
1.154228453698015
0.7054790931188459
0.8154124001138129
0.7917834664231824
0.7034701665735499
1.1502833680700248
0.8447554214046173
1.619627066177919
0.8289530590765525
0.5803843502332454
1.0679107784228474
0.8703303391770232
0.9014123841234201
1.1585890334503415
0.6770338896280225
0.9442719967486535
1.2612994179245463
0.764692751013308
0.9587472595314936
0.6922190570741927
1.2441646747270818
1.3566742299468146
2.959677234269759
0.7008471573847048
1.09344369141384
1.4096404846915909
1.0903073763761133
0.8439555800735236
1.0729478010579854
1.0577369967269723
2.3193762332025867
0.6143414269138583
1.5647002178610099
1.048453208930727
0.8324668711007395
0.7898575205220367
0.6496050331580792
0.6315214385548849
0.8679748946967254
0.8628845338964757
1.2482401380311714
1.1789713321465096
1.0741498890393417
2.1762907298054657
1.4338015371969153
0.8190951806352424
0.6443016799371994
0.6798260427004398
0.9917924950748231
0.7918914091100665
1.9448112240260693
0.66290739237182
0.7790832226656215
0.8587024831605118
1.1659222793914785
1.1090993941838099
1.1824604311688012
0.9688884882228599
1.1337828065106528
0.6204140020389692
1.1214133946708196
1.7349422317693763
0.8134375078550815
0.697284516578155
0.6010086432849426
1.6560730749675778
1.1730411576402617
0.6182697079313599
0.6866084950961893
1.3466248034274635
0.9490031244710894
1.823063878972587
1.069880321708286
2.817248510799206
0.6245187814177455
1.4687423705856533
0.8839687438742599
0.5682434016145457
0.572020051623059
0.9690735799530587
0.7656954518815189
1.3113891805526243
1.8510412456259377
0.5402330046861857
1.1008781309251128
0.8681109554838231
0.6847501727992185
0.7726656983572175
2.5233957387580577
0.5743012660936379
0.6239510555405442
1.3090128213357992
0.7098633333091491
0.6630331701033423
0.9076892998986226
0.6277946220119597
2.1171445947783005
0.5926389840243697
1.114520216726382
0.5869093655161861
0.7369372532297128
0.8320648114953048
1.069340006502675
0.8388439881355304
1.694688181032005
3.0722218563117174
0.7955080163001519
0.7735673429373444
1.6423543625689145
0.612609811592613
0.5752294041321556
1.8360509959101134
0.6048608743287811
0.7686804701212813
3.221899917165788
1.4134248170319477
0.8135071527744571
0.585656569209123
0.5783333016495417
0.6887410623001661
0.6542534429454477
0.7732000660823748
0.9354375086432828
0.862352760849848
0.9155581049519705
0.8747086721176833
0.8797631727502371
0.701501816501835
1.3209405793333926
1.0168616175694156
0.9880640748729481
0.5984776406234552
1.695460299891897
1.0426119647746166
1.2163465226736232
0.6424852669358849
1.7903137495742674
4.229841782877784
0.6871838926643035
0.760485349888992
0.5724990160488019
0.897671779567957
0.9350203782681112
0.929047404249045
0.7355133324509725
2.884407904572607
0.9388751752373536
0.9341716494045942
1.0870543849468683
2.536535325862935
0.6341447346521135
1.2419797135752642
0.7637231131533245
0.8744173153392214
1.1716139439043158
0.7830829100018211
1.2198500437114232
0.579137688421824
0.8451618814871411
0.8139566422239776
1.7123332840454935
3.1048440556825754
1.7504956360985657
0.7993753885681305
1.1005368699895615
1.1706898609284406
0.965805963886006
1.1484466344768531
1.2120812705712958
0.8581710357986964
1.0811022133791583
0.7716111477378313
1.0246637583707672
1.8610860821320412
0.8058942986010825
1.2077560964346388
0.8136485857842326
0.7722981084804149
0.9789909685378764
1.014281396501665
0.9978490883570111
0.7653081588653148
0.922303116523898
1.093237947765243
0.8625155198732642
1.1306967610138123
0.5882915004531226
0.752137832745145
0.9131719375338015
0.6195169983579961
1.1569444272205545
0.9102856785508929
0.6213423273493978
0.7578331069504105
1.1426772376216576
1.8990031839899466
0.6164886525897264
0.7668961463133024
0.9683289074153724
1.4689343113608382
0.6630001096840447
0.7413191282900499
0.872632673008234
0.747395323820749
1.3822562181785172
0.813981283167166
1.169642088587185
0.8534823134008255
1.0136254213600162
0.6285994355894948
1.030807573607736
0.6999647114578166
1.3913454911054648
0.9560231718922166
1.0856489168562191
0.62005321743437
0.8532204892442187
0.9991039791809508
0.8961211156283337
0.5808535187560079
0.667081857576789
0.8232794738507112
0.7202557671768549
0.7967414370035658
0.9249692164273338
1.2219446323388174
0.8456517439600554
0.8100542156889866
0.5916338151443892
2.8734783623980746
0.5889272580102813
0.5566786903617076
1.2174575016507991
1.3393003735421223
0.9542955183846336
0.6456889534633792
1.0151458783858045
2.806064788211792
0.6376892837309536
0.6266891066189262
0.8105116135614134
0.8215852582063989
0.9777527231711551
0.866192461610227
1.2750689113918168
0.7647375685774779
1.386631664711625
0.616612782465365
0.7348673367309192
0.7430248155107901
1.0363594979297868
1.163844965123894
1.5791916971898594
0.9304383075131754
0.6280160610186167
0.7145550671279873
0.6812020888673402
1.5478953839666298
0.7427165504917671
0.7607533523856771
0.7303489137972735
1.530095657898733
1.5334001353818933
0.677048547780408
0.636190300447083
0.5900242510353663
1.0274281050132263
2.0430197481460373
1.1672837918558494
1.0086234917898291
1.1605047864802904
0.5088848236230245
0.8068067550460554
0.6864359597789105
1.0047559296603137
0.9228251781425938
1.6367624500058104
0.8945339819187609
0.7931000173375127
0.5597077578696877
0.6329121687777199
1.0977204327807293
1.0779266727859467
1.1179121641584264
0.666030458525647
1.1266771107439744
0.5915488299257883
0.8721191802648743
0.7250210808287071
0.7895795808634168
0.7403795809484115
0.8640798611819651
1.3784059908458286
0.7109841970680711
1.1932489372135195
0.589636658951742
1.3430856792504178
0.7586644682838398
0.917682879149415
1.1757154984957097
1.6430758381044295
0.6124461860760969
0.8320217579761343
0.9789812270888554
1.0171136949428252
0.9632205359266595
0.7282574889180699
0.6204733959399669
0.6608839595022128
0.9149056808658058
1.6793235916883906
1.0332097592348148
0.708700622439794
1.0863021128700916
0.7845676170418675
0.931562312451497
0.6265129374167623
0.8629029424642167
0.7229701417242191
1.5358580715252113
0.7730568613850137
0.7883800539187693
0.6837663705041167
1.9379952320792142
0.9295905888159013
0.8200443737886702
0.727678651667598
0.7143291434641169
0.6397969313785531
1.879884207588768
0.8979890118608473
0.6314193555061343
0.8732001321588924
1.2709731613945152
2.7584139678632407
0.8277559717735431
0.8892285961141577
1.9434589916365232
1.3405757050243337
0.9509633989220221
1.0654400371325055
3.6853747951845337
2.330118746535318
3.954940439347245
0.7246264843835872
0.9839820380219091
0.6873083931339812
0.7215713192486292
1.7059295381303272
0.6436930436798362
0.6536035992680272
0.9037190974691374
0.8807503575701371
1.4743372381855635
0.9269942694469386
0.7329328458502757
0.6035405372983904
0.9887146734396398
0.90917037811594
1.017910073990669
0.930062034240241
1.2775268423466726
0.8993976272589034
1.357950231241285
0.5697254660840709
0.9696700434046235
1.1940706072174927
0.8522715635002744
1.2390206713549212
0.7357737834921789
0.8837339942594212
1.3017532337105333
0.5784845265253649
1.8943408359126404
0.9678623993881168
2.25850131077588
0.8747936754838798
0.9094903826842087
3.7200172893573593
0.6846015259160994
1.2231239180055724
0.6050715712702769
0.8208264511968816
0.6333971972222526
1.6576323588416273
0.6232907526454229
1.5217809816493368
0.5557246652818283
1.7040325861308954
1.0955835504955034
0.7930434243506034
0.5834807453770465
0.6123497077903197
0.7938676446553811
0.8584934915419199
2.2232263031819124
1.1060412107519284
0.5946771009200481
1.3548343724025353
1.369281059605179
0.8715278330815988
0.6775091495107249
0.65049715286617
0.6377242170854626
0.6927748029172189
1.675022620432686
0.6102078932472622
1.0411157041041479
0.7144434073628356
9.712383773285028
0.5953804017438004
2.43764563883444
1.528053294490684
0.5344031109024773
0.8192355397926923
1.6163849244294286
1.1473775630448113
0.889194175743955
1.2908299207221559
1.3100707415779262
0.6092169140897895
1.50495180718198
1.5275782724607805
0.7576652069097315
0.8886140573997369
0.9746877145721111
1.0103658814137337
0.5956626252962494
0.8219518357248585
2.3846764450206916
0.6900416123931269
0.9685118290164523
0.8039690903254303
0.8638384647583748
0.5988434612303533
1.2749108526441923
0.6030057710194291
1.6571641234738659
1.163469867773488
1.1387862970825446
1.0766986312392675
1.1231597578288408
0.8868091217907964
0.8202323511114856
0.7290559457548905
1.0522848949668888
1.1342154398532338
2.0730167792856156
1.3241206670125012
0.9184493734313266
0.8798804754126669
1.2049830073033019
1.089788182527173
1.052054502388005
0.623505474390808
1.7657803492437876
0.5971264204791356
2.6361065189101383
0.7331447848408923
1.6607172478152812
0.5634372637976195
1.4735031323666605
0.5314700568458925
0.8881143686623325
1.0458729631329573
0.6089870489525464
0.877968487078452
1.6857329406237163
1.1050604076185537
0.6733380733297972
0.9307523447376588
1.1479364456900503
0.7896364975865605
0.6918895562423136
0.6113169854949921
1.431589414505515
1.0390356533626457
0.9101515675698524
0.6658300325775769
0.7361792052061013
0.5723315777058336
1.1716022428343285
4.850292881253208
1.0662002084964053
0.8306787808403899
0.607126268292446
0.8147601456878096
0.8871607078169621
1.5076127784764362
1.396136388570516
0.5801832058965545
2.1421353100763794
0.8421116923962034
0.6481379311061582
0.8830988934242694
0.843505576722999
0.7994213932464546
0.7291358577940696
0.7452261708803061
1.4073513380718345
2.9290612937528357
0.8317790477508697
0.7455525457539693
1.141114012522498
0.7835818395346491
2.3787610239885018
2.0628422539848845
1.00090349628525
0.7895260950309383
0.6675265002615874
0.6471278972431926
0.6607084053101899
0.68876871173593
1.3100707415779262
1.176167522867057
1.3933590789786052
0.6788058646801258
0.6265499684514695
1.9427544500555003
0.9244402416075889
0.8367577922128837
0.6367452183002107
0.6920956552852779
3.7118142467587742
3.5274445951289017
0.63753496990406
0.6447022644659988
0.6111434560100671
0.7057089480123211
0.6471789912719467
10.815928009470786
1.0241579039167503
1.3930917357165336
0.9296737798111153
1.6782350159568145
0.8212027305922748
0.6394181863587837
1.0058833739741693
1.143612072658827
0.748450864859693
0.5881309398306581
1.1794526832763184
0.6805254933362983
0.8425865982895872
0.656817304543722
0.7746416986428275
0.9647961500526749
0.6977238151409837
0.5589850595657987
1.028351496181085
0.7910684450198451
0.5921033059612073
0.8063918277283804
0.9580467597285082
1.5483021943595487
0.7958241808366668
1.238362354787344
1.2920938164955034
1.955572075424835
0.6688286449856782
0.63862619032481
0.736270285037113
1.1835768292416735
0.8409771036485381
1.1926893985139277
0.8069690100570429
0.8726068535658227
0.9025798670334978
1.1160657893447097
0.7079761997926264
1.4874759608017243
1.3177291607121742
0.7564640435840521
2.216168150619458
0.8148049891205351
1.1985857656742809
0.6166336616713546
0.8217593557708954
0.6686619067772226
2.519103683742652
1.8732999087753603
0.7908392815588966
1.406057344591248
0.8421231940636417
0.9197494442423007
0.728654986186117
0.5547648093923062
0.6221742647948485
2.6616285733733878
0.9763049892417226
0.6674733025501719
1.0420184431548891
0.6615613621849254
0.7807915677680366
0.6161274558707367
2.337456964922822
1.2020703932640295
0.8235919973940612
2.24917290638523
0.7302057537372498
0.708089384444231
1.0522178840838705
0.6378840682655766
1.3679842997592544
1.1373811869349764
1.0278048912687618
0.6259805140616062
0.6060405123470045
0.888029566448745
1.1395915326945705
0.6152502875313829
0.7903399560517594
1.2590378189224216
1.2763613968523007
1.2329573397530837
0.6368429144806054
0.6671897182383055
0.7718869088678953
1.0848734191151632
0.7826129087821918
0.8194959300151349
0.6951404530125146
1.0662917749912837
0.9657020303562448
0.6640946548755167
0.7545254393144692
0.9595347765354737
0.7770523982158855
0.936043911904391
0.6109804621271366
0.7975885898689358
1.0018142098244387
0.6194572962604727
1.210872180776739
1.0903483217477052
1.1722531535048646
0.8655279965910956
3.1550062391700053
1.3534633521793058
1.0318088173393585
1.326162885992179
0.6373815304873666
0.7353076693744597
0.7949643510347154
4.566417945344305
0.7807396556988596
0.6598111215446767
0.8398451694210389
2.930955780164266
1.1530080658464283
0.6725773356332577
3.16867460202535
0.6372601366385481
0.9696443797588562
1.0085561802941416
0.8709545965196813
0.626340049391276
1.0346762065910555
1.7172098368336532
3.7208056498341713
1.7057274350067744
1.0433000474155927
1.1425909579607854
1.0255000755388148
5.912431660876195
0.7339096624121662
1.0088285307350544
0.7629933574707345
0.6681416828652694
1.309949667742636
0.820721261043329
0.6916837835683413
1.3590820698437607
0.5784532285393301
0.8055845279160573
1.6719522190978326
1.4145145431369632
1.545639623687707
1.156696542652682
1.2245626973043118
2.1962691968101673
0.932931289904673
0.6734384709326876
1.260305221086363
1.0458599692571156
0.7142669768941188
1.786130209577279
1.1714545449341442
1.0027550653954072
1.2280905371725148
0.7381978063505823
1.0521842354207482
0.604953448143996
0.8982741165873206
2.4704646662656087
0.9878268799403396
0.7628154586740865
1.3467554149954324
1.023354213907478
1.4330628786793191
0.6032512048502975
1.7606939815919076
1.7723962356906209
0.7390674260239425
4.956129252056078
0.6006823206531303
0.8305203684629253
0.6537727876050528
0.8533835581686585
0.6953318946790884
1.0518241160115884
0.6632666587347943
1.0671604828884493
0.622444866488843
0.8824162902250023
0.6531212108447388
0.6279396780118078
0.5868810304813298
0.5770979341204585
0.7522066159705681
0.7497727129180746
0.8596745749153335
0.6824997785938169
1.17998854478028
0.7952145499297167
1.4339392139261795
0.7105492170818499
0.6456717832589383
1.1956422637634296
1.2135186527454855
1.0551561797729632
0.7824686463994031
1.3089385987430966
1.0133400669836212
0.6314580810464145
0.738416346546869
1.060487018392443
0.8077006544827682
1.3161714157599125
1.2008454662418642
1.0513228825037826
0.655875848650724
1.1499566650518585
0.7808426367152206
0.9092866730152513
1.071449010517807
1.0235036581073755
0.9276233164920188
0.9917446860441983
0.8532592597926169
1.0540652099357397
0.7541021379153949
0.8440840730872579
0.6148196563459324
1.4577288146699785
1.2225603547438941
0.8581413778143839
0.7596486450201306
0.5680835487175429
1.130533490966715
0.8539303049397108
0.662423995894501
0.7033021279918317
1.014083631674444
1.822123204069894
3.9497014476120285
0.634359822772895
1.0276579865818973
0.8334388825012115
0.6488255867629954
0.7996415005535301
0.7768004929650979
0.758586802583383
3.272428734967265
1.1265425702791094
1.4143390701187188
0.956818008021267
1.5689141419395238
1.4533643627937278
1.3295875126219006
0.8937610158708243
1.1682048546206756
1.090052266836375
0.8600444960172393
0.5954542797195244
1.084052336340836
0.6160577985784045
0.74867449295333
1.6630574087853285
0.5708428621076901
0.8207234034695209
2.301446633876515
1.0408606780720542
1.4045639951256041
2.2520501015817076
1.1653857294930998
0.5710602652652247
0.7773521461225076
1.168927108890607
1.2453037256867456
0.6352581988694681
0.707516456318262
0.7653981086697621
1.0070982183498804
0.6748867399067531
0.9008250812278412
0.7530185038508175
0.8285965926243698
0.9055493046603973
0.8086450901410548
2.6982777082691807
0.7897276010962628
0.8270097816746763
0.9255585221470366
0.9254007322017889
1.2171293878945353
0.7071802814703534
1.2397269585159236
1.1055359836796956
0.6146854919183586
1.592700687620458
0.6401487301325909
0.6562160074422031
1.09967160091197
0.7222198405797113
1.9756226246284607
1.0481420222829667
2.025115742142529
0.9138960401460724
3.494854005048217
1.9643409646921348
2.0228288243161185
0.9909070380613556
0.7161161011968461
0.9629462421441563
1.7753192480194389
0.9566322584865041
0.7850826855258545
0.6585840317268181
0.6855438536661632
2.7650698519500967
0.7592236858677736
0.6855380500594961
0.8566593611686508
1.9383782887951495
1.043899977639055
0.8620204435455604
0.57175362763382
0.632359259971093
1.1785444064572357
0.9772041044175578
0.6910790353407775
0.8815087675739379
1.1889531129105584
4.288243950452081
11.007969137015436
0.8154019105486069
0.84873559678319
0.661493943725162
0.7681924627986565
1.2933690583728648
0.5012429107488134
1.1529443759619087
0.5264890455408727
0.6305630817771736
1.2279704571814125
0.5472869139185306
0.7130710739220782
0.8393824885326154
0.8639462701528545
1.4453594303244293
0.6727175198429137
0.926059439666999
2.946870508119754
4.275117812290085
1.0899690398797681
1.0079317835514832
1.130295212507736
5.149761764793674
0.736919216418044
0.9993871658758443
2.8775784084266176
0.5219276344573789
0.8878621531065543
0.8113907063958757
0.5599775180816746
0.9877551340729088
0.6970725553545432
1.0341411867980976
0.8499109544112926
0.782302186051174
0.6100926941265232
1.2206451646396135
0.8173821562077338
0.7546359469100147
2.2177064617597626
0.6375101004529655
1.0486679665237522
2.237681363390177
0.661569178047045
1.1562743828754305
0.6774384569882285
0.5957151317949811
0.6440133991061847
0.7586696928533236
0.5676743354299899
0.8840133803830797
0.5431307818474864
0.8168417759087815
0.7148019747174721
0.7953532030523237
0.8496881207333732
0.5777728064742959
0.8109623223476644
2.1219433510829355
1.084065312293664
1.153438862417652
0.9135280579119153
0.8447509409302876
0.6679577519810855
0.6125822274812983
0.5579626079083464
1.2622832461576416
13.966594077371559
1.1280409720872915
1.105953420334199
1.0280132940301097
0.9577786699453399
0.6594857868574702
0.8038756710423982
1.1452748874041139
1.4635833607591304
0.5679191903552459
1.0877727670708928
1.1536125310334955
1.7652463253703146
1.1670775314471933
0.6058527313399414
0.4966203342845557
1.0152243777726262
1.351104438203896
0.5613081278786255
0.8188279296828179
0.59170652398553
0.6564721458101354
0.985338950100076
0.7767224152930705
1.032273333887446
0.9119843881320693
0.6839456796729557
0.7214752857604371
0.7451915378897882
1.1258484502003827
0.8624917817760854
0.5536693846704568
0.6090653928998236
1.039204236452455
0.6172737109658052
1.1450351998694732
0.8789666388216378
0.9267760135322494
0.9183583508237956
0.9962463860344521
1.185655969065475
1.384545183592739
1.0212483178898792
0.8908920891467395
0.8466810250629213
0.7011194448606352
0.6877884476445519
1.9754849236950247
0.5957536769742267
0.7465202750092649
1.444732302120164
0.6262332431660489
1.1342105525595927
0.6271647871435169
0.5905567180178113
2.113317577451743
0.7314895188707792
0.836108716026275
0.5823329681143501
2.0775018202203337
1.0847300121490586
0.8722122264871089
6.086089498362646
1.3267128112250322
1.4836755007878857
1.2882173946880502
0.9693498600073887
0.765932255030105
0.8029479325137051
0.6343076021819312
0.8811829304705506
0.8267345992050505
0.989430479324413
1.0033253573631866
0.6656660130003634
1.590100316895682
1.1091601203956472
1.3201581876065327
0.8779852895134347
1.2231688476094655
0.5935779121376653
0.6403538665143623
1.3054839119067827
0.8993327448861601
0.870868807774345
0.5454318213876991
0.6371449875131593
0.6271946284445458
0.7833553556295584
0.8547094101686497
1.1391277153278305
0.8514194893398305
1.0475098691853215
1.0668300024285622
0.5348005017317456
0.7336949385303215
0.5854195912605984
2.5985481279946767
0.9712332308486368
0.6433823489341415
0.7980804301866291
0.5869479304489617
0.7744141009837041
0.9448611860904356
0.7661623334285649
1.0392245402939786
2.260764966812883
0.7849533805853586
0.6026230418140411
0.7017596445715305
0.5524287372907917
0.9729812263018438
0.8428589389611012
0.5291364363298
0.6122209652939525
0.6598885574682377
0.5686431648185725
3.3204889946197853
0.517231951413885
0.6961828635017104
0.982547425879912
1.096674089425967
0.6069006201210568
0.6234293514092046
0.7331702719366575
0.5245376242442652
0.6560674140879144
1.3368742932018607
0.7252530018252211
0.6606882648977822
1.2364385233156912
0.625361242801397
0.9986023672750061
1.0929983553581744
0.6282320377379336
1.992851595424074
1.060890661899584
0.5178556166236448
0.7055275665469557
0.7466557568011353
0.6022178498535017
2.7680822113926316
0.9217700251925175
0.5655170959482194
0.972134614963373
1.1535368351935344
0.5497968005737737
0.798425101764368
0.6892910299406777
0.5815030459802283
1.147287116987523
0.9969807583665297
2.732380166597777
0.6028226064701961
0.943744588672206
0.8521200682005062
0.6165317721861835
1.035715606998672
0.6665636867221117
1.070086601531779
1.2595030991598286
0.6741794499583019
1.0245916250875091
0.6796124515536166
0.9749655216185232
0.5597121772884964
2.3763698843423917
0.5699306934450983
0.8926420627122948
0.7982456536680962
0.805607020352827
1.3888407200831592
1.0635854561982379
0.5902481461236931
1.4171773420178004
0.8696097490191459
1.3040140206864537
1.0053288810801722
0.7182338353909644
0.6653259599577475
1.3703284668291242
0.9069527499247181
1.0778232649798951
0.6908140286285736
1.98211493159473
8.579135744898464
1.5398921376391088
1.1523136458263192
2.6100841175423777
2.2413221011715274
0.8255005040759298
1.112407033229076
0.6617885701389407
0.7806949551148271
0.7990637247600575
1.0708418045500507
1.4813972721847772
0.8486112497485336
1.0146613023840039
0.687998850777132
1.3119253989793713
1.506788469359267
1.2347102132574879
1.785475086812827
0.783982571617375
0.9967333068119549
1.1396745876525312
1.3115435248659488
1.9950332960060722
0.7944372701061602
0.5736440520440449
0.7180428965805619
1.2143323993523945
0.9681917550976818
1.1299630996283048
0.81231757096688
0.919971991143743
1.1025054358869522
1.519487865779888
1.0456500501989558
0.7097409837693612
0.9706888178609561
0.9200204849035765
0.5612049028591644
0.738034726920464
1.7213877464477914
0.913050294884219
0.8959545822298021
1.1121771976329273
0.8042628084205715
0.916046760208883
0.7224675112484784
0.5564797955450025
0.827301983954302
0.9839548092133584
0.9647118173196734
1.31346644287749
0.5542258907403361
0.5454222046862617
1.5053548598550959
0.7578587468773491
0.8777022528616965
0.6592739009640148
0.7700272718777075
0.7419046766584921
0.5336220182244817
0.6692161067649482
0.6396121415185232
2.190996046653813
0.5749106099263598
0.6527626839599421
1.1119551942669776
0.6136964012407218
1.3117277961859795
0.7246174362022119
0.8983103454835784
0.7091753573693885
0.6545313400811238
0.5223139761182325
0.9297328585290546
1.5686620132878761
1.1601780847620426
1.4491170760113874
0.9619697051244755
0.9189458962579509
0.5478602933952942
4.526373824327659
0.9489867943446878
1.6885819675249452
5.024296095402067
1.0388717476274412
1.0675358082396016
1.0001462591024164
0.8394394012081999
0.8999884776861334
2.0316857677476623
1.343121181889109
0.9461090893057112
0.7749841042395874
1.160963554654715
1.2052906906136813
0.5586490737087949
0.6399362862805804
1.1241440165627155
0.6796748499953726
1.3339321857927955
1.131802602018664
0.7109135634196911
0.9465127686426704
1.025181863514525
0.9268395214017147
0.7342350197349413
0.8193142584568621
2.108404996154111
0.6304700612712776
0.6796666284623197
1.1783917112516042
0.7255235853140716
1.219992126924094
0.7505352971000052
1.162269388931107
0.8636421726455805
0.9761822685063907
1.3789292460569191
0.7452089745619478
1.4528628697384933
0.6288023205293298
1.04151987313051
1.022508272170203
0.7020552656938124
0.6634607168870855
1.2603890702350287
0.5341051736638582
0.9956970023097541
0.5500554923759904
1.1167271339119935
3.569572388713954
0.5516751387782093
1.1482219363985107
0.8392279918149708
0.6676225266888431
1.0160293361115587
1.200384710156423
0.5931907077566321
0.822395694983102
2.374357538161567
0.8307155899006687
0.656437574554936
1.0200369446739446
0.8279710302629258
0.6000090518904393
0.9061922844233553
2.5558650018326032
0.742308395979507
0.9196089356048445
1.0206838355593966
0.8865677961339878
0.9314960871443827
0.993471141292378
0.6304419113553958
0.8154572807714412
1.0685708570642742
0.661698655653198
1.0077499843399627
0.8627713108420819
1.7628160937238315
0.948444663056877
1.647954788763735
1.0803278104995413
0.9580268196919087
1.0357448415993773
0.6542574287024873
0.6064336901547714
1.1978901514629476
1.0160364931303498
1.026087409740951
0.7588508021154197
0.9872550310425453
1.433883762389047
0.6715693998625809
0.8283098482362812
1.0888031397573144
0.6865049226741348
0.8533508700441398
0.8134508437983109
0.6388035209837603
0.8883379969256755
0.6895536830286207
0.6230379540453495
1.1445093771240806
0.6253068170856403
0.5294483995501154
1.8716498008618065
1.544014955092428
1.3403096181527674
1.5185927603999325
0.5629824847330742
1.7456701392085265
0.9077080146159191
0.5286525732152585
0.6931709570822627
0.6985938833736121
0.7590083881688656
1.20643403423337
0.9875984698103356
0.5574805097209403
0.5745276833247943
1.1986510582626548
0.7159309249702557
0.6725301653183806
0.7025480658490109
1.249965333457891
0.7341934953767736
0.6521817765763881
0.6546356462869801
0.6197251169288239
1.0108637787295274
1.274332960332453
0.816929845508352
1.3053620473468752
0.7684888799429949
0.612415309811934
0.614109379189829
0.6376184764798318
0.8103600711886085
0.6754597246289336
1.577838985094652
0.56737871546095
0.8360218825487963
0.8709598318575958
0.6750481658987484
0.9305362513581646
0.8473311473226474
1.1488182319077653
1.1059212449370217
1.1717658945791662
1.3522139726643312
0.630846690708819
0.8593189568018635
0.8488168110907578
1.0723466130368091
0.7462172081546118
0.9857756625440528
0.5683820792051579
2.067017434203984
1.3539112828376325
0.9854796130753647
0.8048302607145553
0.8303326025938813
0.5550030093068511
1.0353504502571664
0.5312027349202719
0.7416597598179309
1.6973140169714152
1.8120899394284713
0.8238917782440532
0.834372472580643
0.7772210565860792
1.0874868085214602
0.9440697942892029
0.9695833067708872
0.9145776324141545
0.9538775740428652
0.7346404387257215
5.67378375090221
0.7799567008227019
1.0579724617711124
0.7475614641110799
1.3318204293422926
1.3844998512199105
0.9258464355697615
1.2706226059515335
1.800332433414405
1.032489147729623
0.561530575914205
1.3954814163605307
0.5568415764262555
1.2459203426039889
0.5844226838103145
1.4379597633526184
0.7872374172519501
0.6290442747687107
0.6938016743359633
0.8768377759214631
0.7386695204142015
2.2379019051292666
0.6597160361373612
0.7883441412254074
1.453909221402206
0.8629065343340842
0.648263540258202
0.6534776255886103
1.267351362402827
2.045938058983881
1.382036411584129
0.607390915060196
1.3335476742758956
0.8822868943038432
0.8076714309502534
0.9523611916751304
1.2520570518456238
0.5512779377109674
0.5873240024649596
0.7596987030446043
2.285948109162144
0.7405498305534512
0.5583579092405494
3.118805964699756
0.6217742167328753
1.0837343769641354
2.4223630351900955
0.9531840947076412
0.8283033358887956
5.266466565898019
0.7371797367348563
0.9690395968331533
1.3308191237928186
0.6113891327370418
1.9801022643835828
0.6852542872303478
0.6946995851921556
1.0137138578508014
1.1511736602821137
0.9223730067582984
0.6266788108347322
0.6452523330460072
1.9638977807164575
1.4283723045264265
1.1207610377615485
0.5714742246340437
0.5316193923241848
0.7191310370125708
0.6522035962153336
1.3034649906263824
1.3663772798044054
1.0673466263593947
0.6958945549132038
2.5331940897101783
1.0758059895648158
1.470197816241483
0.6684055350330725
0.8853928656277487
1.1293315152450514
0.623582089897458
0.683391846403972
0.5830390193389037
1.1700033372847733
0.8767857721110622
1.248191335612516
0.9117375663639625
0.8167602282731077
0.9266541305444169
1.3171369296284237
1.0001447692030982
0.7987317910902292
0.8070532456952122
1.0578297465734245
0.7995624850882996
0.7784561172764435
0.6085198099176352
0.5778703902166117
0.6147825246958737
0.6349771704662467
1.0350523122752895
0.9654302320376555
0.7992788223257773
0.6556375006692211
0.549463874519733
0.9353250706494183
0.920549279988176
1.169770092424124
3.148180626928135
0.5609189702535814
1.3989903726362387
0.5439397239740407
1.3790992839444869
0.5464440418817379
1.2580837170592578
1.0483851003272875
1.168001920809538
1.0606596098216923
1.0382235589227915
0.5070921557130986
1.9041574593397224
1.0932919224208213
5.9750087338946365
0.7538355660780434
0.9875552560340094
0.8145272932426668
2.8285896383252584
0.9129298765258933
1.903684797466605
0.690797570188299
0.5832812564174387
1.9947404846584063
1.1901432033733703
0.7501903133528679
0.9291991546037485
0.991812387279764
0.6779742297434415
0.6473917053860334
2.311470214849887
1.796632169818154
0.6872729229883779
0.8539351211511367
7.185401411105764
1.1925181219135514
0.9945534559049739
0.6235598661564588
1.0901342845583042
1.647903645203172
0.7119187510562345
0.5591166789550549
1.0075547827694915
1.0327125928056142
0.8337051674657866
0.6442672188692669
0.7189546376695899
0.705762641835404
0.5282880452397973
0.9175689475947232
1.0768149889554601
1.0005470210230383
1.079924146496257
0.8601930019693571
0.9980270473354591
1.0846276376482686
0.8443839199631276
0.8856703824817304
1.3481447965241047
0.7099671501297125
1.0311867665642493
0.6981222623260833
1.2213010254491656
0.8072869249430217
0.5491292812789235
1.0315382005660234
0.7908780955625908
0.6018026046153329
0.75440555305207
0.8442151235798737
0.6624285623433537
0.6501152899174134
4.511833526340392
1.722820663391291
0.6246169346870198
1.1355111960628006
0.8673391467319135
0.7625869107353376
1.119769813265214
0.6007283607884529
0.5460692327887038
0.7467846692098739
0.7147959291899368
0.5676662767796831
0.5936479229769521
0.8649013730970958
7.558264941572368
0.6209132334052319
0.9868219329211116
1.0461977575788202
0.660696339179397
1.0635077802071295
0.7140496016992297
0.7992259855865765
0.8927794381797283
0.7221582707391634
1.2605760436795568
0.9601058772928823
0.6288187428126525
0.5752852002099984
0.5548602896190806
0.70559840146287
1.2516258157056739
1.182730885843283
0.660120472136017
0.9136144077711538
0.7088649428476018
1.4044158842674295
0.8135619559466801
1.0648449657766297
1.2830113190666754
1.168007942486239
1.0079569749997381
3.2723879349231897
1.095309589724953
0.6588253623083908
0.7132564076571376
0.7212894194886403
0.8935950431674299
3.8477605970146422
1.2021500736972264
1.303017283865883
0.6752143863789973
2.1523724396553763
0.6264778784022468
1.3844700162843164
0.6883302573727222
0.5561014341341708
0.8596673641529881
0.730510894049237
1.9965841806894153
0.7413718711029336
1.186022039523882
0.8936451016735943
0.5179522907294436
0.6850893499059694
0.9915999828218595
0.761984441343048
1.223518238351042
0.6799014620701123
1.0657940459199804
1.3645788537260108
0.6473106336398216
0.9940527256926109
0.6976403477000154
0.9926425461053598
0.6050370184552114
0.6462683417559966
0.6307456796901099
0.6135664355767793
0.8245912767644179
1.3022261375954982
0.8856682289142299
1.234410973519644
1.0465353799189587
0.9325932205076491
0.8659200599260549
0.7822925858845667
0.6477126470843207
0.6652904825074804
0.9184102721330168
0.9140467520115279
1.165160205614891
0.5706430026219734
1.1174849534355196
0.786881255230269
1.6121933342358
0.6181231540926225
0.900129499655412
1.1316756232857148
2.1743074695772724
0.8735040069536213
1.0840843360793218
0.7249225854649204
0.6618602362725107
0.7876314083844249
0.8276067227579587
0.8205667011038092
1.5456583652373503
0.9880250440369391
0.6200943589701827
0.7124508271900509
0.5708668248823461
0.6240706209543552
0.7523373501546049
1.1272572548320423
0.8273207519908177
0.7249431818040482
2.1279683418141886
1.0266331292739401
0.6527702855859343
0.5731237441853084
0.7160110947985396
0.8024941337822625
0.9538746371642832
1.1965599780929104
1.0551070332583157
0.8538932052411655
0.8052495826594572
0.8006715280680116
1.2086109083717071
0.7035197951020087
1.2140600491649973
0.8502729258218329
1.0558883047709637
0.6675375946759178
0.6009004095238953
0.5879509980387976
0.8559487446341965
0.7226371968824856
4.311042649969773
0.8391671937664944
0.5409842251365733
0.9059124350789486
1.1648147507760571
0.9947655592816288
2.898195487969508
0.5864119325601855
0.6827703039543824
0.7175153410996084
2.7264486469446423
1.1453962474976676
0.6652975826284302
0.6086732295856917
0.601760014397178
0.8063972604801556
0.909322725346946
0.9402127119610835
0.9535382734997745
1.1078383858350633
0.7260335001401834
1.004389012256197
1.4579703651315437
0.9929065651859348
1.3127283170206474
0.7098763059942287
2.3753616659955186
0.7636483815669753
0.9149953206781691
1.1868918518027123
0.5680694364900054
4.574540437223393
0.9229124664716247
1.629938397793925
0.6372986709352813
0.5794900038484857
0.6533564855485897
1.15769656652393
0.8741357145172377
1.0784479293385265
0.7813627161730404
1.4527827854609123
0.9132762037517973
1.0836966467795361
0.6500753377390045
0.8486321803750163
0.6300362097082948
2.6798891041714277
1.0818978788622151
1.797894197090044
1.7335830117400637
1.9104330724291174
0.6564388911561119
1.8246727323383665
0.6242066116012188
1.1478752264907217
0.5801003705521169
0.9332392510327249
0.769983691129499
0.6295618703387029
1.8111210543249696
0.6627500242206651
0.7073230457414683
0.6769098328550651
0.7916411010897364
0.7392302776333661
0.7795432329967681
0.7656187329716999
0.7220686714663442
1.6018873676086056
1.1007602015500597
0.5942212794307986
0.8003126680790293
0.8068360468343321
0.8500146009088728
0.6404276753283759
0.5907220175448455
0.8880134910361996
1.0675086168035217
1.6861811535172626
0.5690817420886207
1.0509101760220574
1.48321865617177
0.6701005747377783
2.021749138194278
0.6910915628459422
0.96121704873504
1.1030451759224245
0.753309814443274
0.822021013060917
0.5565452895590511
0.715509740218023
0.8755570409679345
0.7620834260137164
0.6705129923788482
0.6380980127066015
0.5852036776504024
2.0237295757391687
0.6008618473115698
1.8042268371532928
2.071816297709297
1.1774410053223068
0.8689405918314644
0.7280801489118083
1.3895349409302524
6.553813016662365
0.6029236492006611
1.0200138630579407
0.7993675593073858
0.764427299238705
0.731039466872719
0.7900503037528825
0.6757086124962575
0.7648247019935421
0.5681200867410013
0.577804012370348
0.5419131659560348
1.7170189202876398
0.8720203483595931
0.5498679685340363
0.688980740391498
0.8961208495720938
2.6896474376064696
1.0502124934664916
0.7113069266146261
1.35197693749514
1.2807056852496732
0.8578273014535677
1.8698101698049343
1.1078652330338399
0.7247291733248507
1.0966443593694766
0.7528429191654126
0.6517878236568531
0.7505006311377121
0.5566103742979397
0.7312991068726725
1.1134957090242885
1.2947855283551273
1.1506393500515373
0.7149934455597834
1.1573348755185302
1.2712563868449414
1.1942581313608855
0.692373837949539
0.8060831355627027
1.1576426084098006
0.5541823867728888
0.7787878147330886
0.9220870145979075
0.8955421233182159
0.8733059287564185
0.7981901349260244
1.2019214307333603
0.7805679013922681
0.6346477457778701
0.7414793149361278
1.0489668372578844
10.692784837590617
0.6766128054410899
1.9889257918947258
1.7412824118637995
0.64551247553216
4.419386308278207
1.2862965357215042
0.6169413063489163
0.7730207765558041
0.5464390243025576
0.6550528642564282
0.5411757634990919
0.9857223312225317
1.2256523691843786
4.9476282082514
0.8922770720778751
0.8767213578866105
0.8326895889706125
1.1812309626907171
1.4996106119193013
0.6418435672392191
1.28300012292066
1.0106323772248451
1.2594845007154394
1.205920649813851
0.5911456260736805
0.6299932575243471
0.626596081754145
0.7863633854289814
1.2168767667110023
0.5505218436076393
1.3078061594746706
