977
1306
717
1109
1015
952
295
526
884
756
649
475
336
573
1188
1319
888
651
358
1199
519
231
909
1268
847
0
729
765
853
562
689
713
509
1223
1159
146
765
495
520
684
800
1448
0
752
1347
557
1127
596
1225
1596
589
412
689
1076
846
496
995
242
489
582
1606
1250
471
523
843
1444
395
1419
584
77
0
1530
729
0
462
717
0
0
731
796
0
923
796
1508
1060
326
245
404
85
410
1533
1206
849
1070
192
1165
276
638
1447
998
1502
416
1562
1508
0
1509
817
438
838
6
299
417
265
0
752
1500
0
1467
1332
227
231
716
1489
866
525
634
669
1220
1172
1462
954
1436
1511
1229
1415
459
1239
1316
74
1082
1320
784
1161
0
1008
689
0
987
624
225
785
1382
1568
0
0
830
720
283
0
688
773
0
1416
1107
778
1118
1552
277
818
1461
243
0
139
1466
258
565
265
1155
1484
773
55
176
0
0
756
571
417
0
756
1002
974
1201
1301
378
1278
316
666
0
671
586
656
1353
735
731
1323
694
616
594
1567
713
440
1251
186
331
1408
898
0
491
603
0
1336
1277
1602
1035
916
1419
162
0
1245
709
1413
681
128
277
565
761
436
922
758
1400
685
1519
623
332
0
1519
328
1062
275
1546
1519
1216
1237
0
928
382
1187
1114
1341
562
647
1117
650
1050
443
0
0
242
0
1148
610
413
475
1482
851
678
1037
754
1255
1320
551
1430
558
1320
1453
650
320
490
0
683
859
1016
795
550
0
294
669
1216
823
1217
1359
533
717
1275
557
859
804
520
625
366
339
988
118
797
596
1361
1205
689
1526
0
426
1042
1525
167
900
283
0
429
281
749
1341
1489
517
1231
869
1393
1378
0
859
525
1333
989
1346
335
1535
1069
1260
239
593
1279
874
0
1476
706
592
665
476
0
1380
643
1164
1060
0
394
502
0
1100
0
534
1270
0
129
289
0
684
1319
816
327
407
1021
0
777
0
663
791
566
1525
368
742
1121
363
111
1402
299
489
817
337
1081
959
699
465
1292
1237
664
1326
273
1131
678
294
381
147
0
370
416
1604
78
400
0
271
512
0
198
1057
188
892
1173
915
1363
589
0
0
57
616
0
957
915
814
1585
362
987
745
361
161
385
0
463
873
1515
1390
0
322
1470
457
1254
857
306
776
1047
624
336
604
269
0
441
0
1140
1543
251
744
1136
606
1577
524
1268
1609
0
471
1200
436
0
544
1288
1569
1369
0
429
456
1325
1232
327
157
1344
1042
0
683
528
176
639
0
1492
977
155
701
1309
920
303
714
0
273
557
699
683
820
0
1173
441
1286
574
272
290
1051
1419
604
1396
122
604
306
680
218
638
613
475
1534
772
1623
809
729
1167
0
669
550
0
271
525
297
330
156
1029
1337
210
501
570
207
832
708
574
NaN
200
387
1269
730
187
1383
1213
364
412
295
1415
352
1053
0
472
412
0
315
307
305
1187
1151
406
252
307
0
580
846
1479
1242
151
0
54
745
1018
600
135
733
261
590
1259
746
852
499
301
871
0
606
1248
527
636
954
579
962
727
0
604
1130
489
185
361
490
898
534
0
613
1293
988
269
1111
255
739
119
1310
471
1419
818
623
460
1152
383
1135
586
0
0
1434
1464
543
946
628
0
1156
680
649
161
808
788
865
381
266
1506
1545
418
97
264
0
161
1281
250
316
497
0
132
1045
934
380
606
920
0
496
1349
1105
290
1643
1130
1193
1389
93
1406
1056
0
1460
265
580
1518
1449
1145
1550
903
653
619
554
134
451
1003
490
1192
355
488
238
978
856
89
315
0
698
653
0
1524
0
1071
0
181
1042
1235
909
0
490
815
1234
0
67
412
1220
655
1262
503
1160
0
1484
292
1047
1362
531
1055
1059
1320
1569
1367
1012
787
1555
0
1228
1328
0
1264
570
1307
0
1539
1246
625
886
504
1182
1198
1397
910
741
1330
1234
1196
263
663
813
944
373
1076
659
1333
1274
456
714
1225
324
435
1120
573
1119
726
855
1296
1182
1242
1329
746
1579
0
189
396
946
757
402
451
1327
0
249
1486
871
1098
1350
1075
1081
0
1054
996
643
0
66
746
692
1457
821
697
1343
94
332
0
542
1192
1304
695
128
1130
133
763
924
441
0
721
287
1288
330
1493
197
766
465
1010
689
1105
1386
994
329
1519
128
1367
472
1451
588
971
593
825
991
1093
1006
1136
921
0
1451
429
1342
878
1106
327
1373
1060
1183
1527
1385
1440
1380
1306
1425
1600
1364
440
1152
952
575
794
442
0
581
1121
453
705
534
622
1123
1580
1176
271
1167
0
0
1320
189
0
224
0
1390
727
631
1084
1385
617
0
330
403
985
238
556
1369
0
695
1319
370
1503
184
269
849
900
736
304
497
493
960
325
341
0
402
680
513
1498
1491
1189
234
394
808
1054
1179
466
1413
699
223
299
298
1552
494
0
1522
1261
890
381
740
352
87
753
1066
440
1274
275
649
830
906
853
804
1073
625
967
294
1055
1083
670
480
803
1058
782
839
964
540
1106
528
617
190
732
164
1091
0
856
402
439
508
252
702
386
105
602
460
616
603
326
972
655
307
639
748
331
670
396
669
722
906
419
145
606
926
951
995
512
1086
1397
688
227
634
554
486
537
626
1245
247
1338
256
933
1378
977
489
398
957
640
635
141
1505
1405
627
1333
706
393
978
1454
1046
303
734
1123
915
1541
939
549
752
830
158
517
1339
1390
526
1226
1336
1061
431
903
1380
1404
1208
1435
528
580
659
299
813
242
1585
0
1199
631
599
1108
1398
277
1534
0
705
604
568
326
728
482
260
1222
0
780
889
494
191
489
153
516
0
403
1022
1263
449
1432
667
396
0
881
1541
194
1042
1198
409
652
1264
606
1255
691
1560
823
437
760
1522
908
842
671
868
0
411
169
220
1244
1007
696
0
1345
0
1335
1085
1225
326
1265
868
1703
385
592
780
1146
797
896
0
1445
714
1171
626
1032
0
1454
242
893
573
800
762
213
802
1547
208
184
539
175
705
714
0
1024
883
193
989
0
340
1570
746
1237
304
1086
0
754
1362
656
0
1047
960
1095
118
1127
763
577
262
205
182
739
0
0
369
218
709
989
1540
0
444
336
1173
1352
404
1039
407
1332
162
1667
1179
589
1395
687
1179
979
1266
1170
805
248
529
941
93
637
1509
676
463
355
274
710
233
1056
456
353
0
594
1390
1170
990
356
1316
1471
1297
253
0
742
270
0
1092
1300
80
701
688
1354
1175
1456
0
1486
0
730
498
746
997
421
0
952
1177
871
1076
351
213
1129
720
380
1007
869
1031
694
485
1153
241
1456
906
1401
1058
121
191
916
279
560
536
0
1621
718
1526
1191
0
0
578
576
665
1350
1043
623
1527
622
216
1180
877
1214
1423
399
1134
513
323
292
286
1123
594
367
1348
576
261
1170
693
1500
553
1349
1066
611
544
1191
1120
329
199
0
1496
26
831
0
1572
1012
220
980
1124
970
1567
0
601
1051
721
846
0
726
761
668
1510
1528
0
488
0
0
429
1483
869
937
1113
206
1319
0
585
1082
587
730
0
152
354
789
0
0
0
497
869
0
954
696
603
248
247
1646
525
1595
246
617
309
1056
284
938
1227
222
443
834
390
1044
587
1123
1557
707
1606
816
595
299
292
731
262
419
389
694
375
1456
334
1223
1151
1331
1002
1362
856
1225
709
246
1099
582
502
798
531
839
669
1381
735
732
663
1542
0
524
297
629
817
211
1572
1205
1116
1417
756
1064
0
749
380
1038
1485
1307
0
1596
1338
339
0
443
609
1227
1332
330
259
1373
710
670
97
219
623
688
362
1342
679
977
0
274
648
718
1125
320
1328
1333
793
761
873
1212
212
0
1156
119
870
1585
1511
630
608
827
499
928
698
0
1192
309
321
1224
471
716
850
1351
1046
690
0
0
1318
1278
0
260
215
0
1430
86
633
1011
404
0
750
563
188
382
670
1277
277
547
1356
0
907
495
0
1373
321
0
1019
1343
0
189
249
679
1607
1217
641
973
476
889
365
1047
447
1168
344
273
1416
536
1423
425
455
1671
285
971
0
1484
1048
298
0
1548
759
700
1344
172
1219
1150
1367
0
706
1414
1385
648
528
982
597
1608
738
887
1067
1415
257
1483
648
513
1044
691
1114
587
1200
517
402
0
681
1180
1006
0
1326
944
477
1551
111
960
721
1520
638
365
588
294
214
1252
1070
371
416
900
0
171
551
1423
504
0
556
0
1082
514
1332
1526
1186
1294
455
187
955
0
71
659
613
368
976
1004
1328
720
570
1455
1535
0
0
939
645
734
673
500
536
172
0
686
1386
618
1398
723
1696
315
475
263
620
0
597
1508
359
843
1241
271
180
766
330
652
442
931
497
559
912
1338
1636
1201
710
1206
717
1272
1335
359
675
117
1118
524
84
0
1312
1280
1556
297
945
977
1317
1062
871
673
1222
857
1456
329
84
307
703
1398
175
1070
280
831
544
677
0
1208
1245
0
1558
887
1557
440
620
201
0
853
544
1639
1023
0
268
898
481
192
435
483
0
277
0
1282
895
1171
0
662
295
0
139
634
1560
1524
0
622
121
703
1317
382
686
242
361
571
1159
1208
641
97
1441
1368
1571
1284
679
728
624
0
633
804
337
1082
957
0
866
518
1117
587
245
0
0
112
298
399
1392
0
766
612
1041
947
671
1534
613
0
0
553
1332
913
768
649
1504
144
0
1052
1516
493
280
1232
609
675
628
1149
601
0
1268
513
0
646
1441
444
817
645
538
805
1410
1432
738
123
523
102
1589
1338
0
1535
1525
0
922
1097
1523
233
273
0
549
883
685
767
455
1090
520
163
1252
789
1005
1448
1191
1498
0
0
277
440
1153
1259
102
385
1167
1191
1391
1136
159
981
1340
307
1186
0
310
720
1399
212
858
234
946
1325
1316
506
630
1202
718
266
1193
1028
1332
105
565
917
271
1245
781
0
1225
322
733
263
346
235
1517
195
560
0
1218
625
0
716
0
1524
1264
640
599
1376
247
0
786
327
395
0
388
0
718
0
0
634
1356
745
321
1113
968
663
141
799
549
559
1098
668
356
260
1141
1162
859
163
486
923
846
792
1193
582
391
804
434
659
439
1042
1006
680
798
498
254
160
403
1012
816
468
1113
416
259
517
811
167
466
95
622
159
1139
533
77
372
518
558
410
741
279
876
224
625
246
546
698
1063
